date,n,ct
2010-01-20,1,1
2010-01-29,1,2
2010-02-01,1,3
2010-02-02,4,7
2010-02-03,8,15
2010-02-04,2,17
2010-02-05,1,18
2010-02-07,1,19
2010-02-08,1,20
2010-02-10,2,22
2010-02-11,1,23
2010-02-12,1,24
2010-02-15,3,27
2010-02-16,4,31
2010-02-18,3,34
2010-02-19,1,35
2010-02-20,1,36
2010-02-22,1,37
2010-02-23,1,38
2010-02-27,1,39
2010-02-28,1,40
2010-03-01,2,42
2010-03-02,2,44
2010-03-04,1,45
2010-03-06,2,47
2010-03-11,2,49
2010-03-12,1,50
2010-03-15,1,51
2010-03-18,1,52
2010-03-19,1,53
2010-03-23,1,54
2010-03-27,1,55
2010-03-30,1,56
2010-03-31,1,57
2010-04-01,1,58
2010-04-07,1,59
2010-04-10,1,60
2010-04-13,5,65
2010-04-14,33,98
2010-04-15,30,128
2010-04-16,12,140
2010-04-17,5,145
2010-04-18,3,148
2010-04-19,2,150
2010-04-20,11,161
2010-04-21,11,172
2010-04-22,7,179
2010-04-23,4,183
2010-04-24,3,186
2010-04-25,1,187
2010-04-26,3,190
2010-04-27,3,193
2010-04-28,29,222
2010-04-29,28,250
2010-04-30,15,265
2010-05-01,4,269
2010-05-03,1,270
2010-05-04,5,275
2010-05-05,24,299
2010-05-06,33,332
2010-05-07,14,346
2010-05-08,16,362
2010-05-09,5,367
2010-05-10,9,376
2010-05-11,8,384
2010-05-12,6,390
2010-05-13,6,396
2010-05-14,7,403
2010-05-15,2,405
2010-05-16,1,406
2010-05-17,3,409
2010-05-18,9,418
2010-05-19,9,427
2010-05-20,6,433
2010-05-21,12,445
2010-05-22,8,453
2010-05-23,8,461
2010-05-24,17,478
2010-05-25,29,507
2010-05-26,27,534
2010-05-27,10,544
2010-05-28,15,559
2010-05-29,3,562
2010-05-30,8,570
2010-05-31,6,576
2010-06-01,3,579
2010-06-02,10,589
2010-06-03,7,596
2010-06-04,10,606
2010-06-05,3,609
2010-06-06,6,615
2010-06-07,56,671
2010-06-08,37,708
2010-06-09,72,780
2010-06-10,39,819
2010-06-11,15,834
2010-06-12,7,841
2010-06-13,4,845
2010-06-14,2,847
2010-06-15,10,857
2010-06-16,6,863
2010-06-17,5,868
2010-06-18,7,875
2010-06-19,2,877
2010-06-20,2,879
2010-06-21,3,882
2010-06-22,14,896
2010-06-23,29,925
2010-06-24,29,954
2010-06-25,43,997
2010-06-26,16,1013
2010-06-27,20,1033
2010-06-28,38,1071
2010-06-29,23,1094
2010-06-30,20,1114
2010-07-01,24,1138
2010-07-02,23,1161
2010-07-03,9,1170
2010-07-04,15,1185
2010-07-05,11,1196
2010-07-06,14,1210
2010-07-07,20,1230
2010-07-08,28,1258
2010-07-09,27,1285
2010-07-10,9,1294
2010-07-11,6,1300
2010-07-12,18,1318
2010-07-13,20,1338
2010-07-14,12,1350
2010-07-15,20,1370
2010-07-16,12,1382
2010-07-17,5,1387
2010-07-18,3,1390
2010-07-19,10,1400
2010-07-20,11,1411
2010-07-21,13,1424
2010-07-22,14,1438
2010-07-23,12,1450
2010-07-24,5,1455
2010-07-25,5,1460
2010-07-26,6,1466
2010-07-27,11,1477
2010-07-28,6,1483
2010-07-29,7,1490
2010-07-30,14,1504
2010-07-31,9,1513
2010-08-01,7,1520
2010-08-02,11,1531
2010-08-03,24,1555
2010-08-04,57,1612
2010-08-05,86,1698
2010-08-06,29,1727
2010-08-07,10,1737
2010-08-08,6,1743
2010-08-09,19,1762
2010-08-10,19,1781
2010-08-11,17,1798
2010-08-12,10,1808
2010-08-13,9,1817
2010-08-14,10,1827
2010-08-15,9,1836
2010-08-16,16,1852
2010-08-17,15,1867
2010-08-18,17,1884
2010-08-19,53,1937
2010-08-20,40,1977
2010-08-21,12,1989
2010-08-22,7,1996
2010-08-23,18,2014
2010-08-24,14,2028
2010-08-25,48,2076
2010-08-26,35,2111
2010-08-27,15,2126
2010-08-28,10,2136
2010-08-29,13,2149
2010-08-30,9,2158
2010-08-31,11,2169
2010-09-01,16,2185
2010-09-02,12,2197
2010-09-03,22,2219
2010-09-04,7,2226
2010-09-05,5,2231
2010-09-06,11,2242
2010-09-07,15,2257
2010-09-08,7,2264
2010-09-09,12,2276
2010-09-10,7,2283
2010-09-11,3,2286
2010-09-12,7,2293
2010-09-13,14,2307
2010-09-14,15,2322
2010-09-15,9,2331
2010-09-16,10,2341
2010-09-17,14,2355
2010-09-18,6,2361
2010-09-19,12,2373
2010-09-20,11,2384
2010-09-21,32,2416
2010-09-22,71,2487
2010-09-23,25,2512
2010-09-24,10,2522
2010-09-25,7,2529
2010-09-26,5,2534
2010-09-27,8,2542
2010-09-28,9,2551
2010-09-29,4,2555
2010-09-30,11,2566
2010-10-01,12,2578
2010-10-02,10,2588
2010-10-03,5,2593
2010-10-04,10,2603
2010-10-05,12,2615
2010-10-06,15,2630
2010-10-07,18,2648
2010-10-08,15,2663
2010-10-09,9,2672
2010-10-10,8,2680
2010-10-11,7,2687
2010-10-12,9,2696
2010-10-13,8,2704
2010-10-14,12,2716
2010-10-15,13,2729
2010-10-16,9,2738
2010-10-17,12,2750
2010-10-18,9,2759
2010-10-19,12,2771
2010-10-20,8,2779
2010-10-21,9,2788
2010-10-22,10,2798
2010-10-23,7,2805
2010-10-24,4,2809
2010-10-25,7,2816
2010-10-26,5,2821
2010-10-27,11,2832
2010-10-28,9,2841
2010-10-29,3,2844
2010-10-30,12,2856
2010-10-31,3,2859
2010-11-01,13,2872
2010-11-02,13,2885
2010-11-03,12,2897
2010-11-05,17,2914
2010-11-06,9,2923
2010-11-07,5,2928
2010-11-08,16,2944
2010-11-09,20,2964
2010-11-10,39,3003
2010-11-11,23,3026
2010-11-12,16,3042
2010-11-13,9,3051
2010-11-14,21,3072
2010-11-15,13,3085
2010-11-16,14,3099
2010-11-17,14,3113
2010-11-18,14,3127
2010-11-19,31,3158
2010-11-20,5,3163
2010-11-21,6,3169
2010-11-22,11,3180
2010-11-23,44,3224
2010-11-24,245,3469
2010-11-25,69,3538
2010-11-26,39,3577
2010-11-27,21,3598
2010-11-28,25,3623
2010-11-29,33,3656
2010-11-30,48,3704
2010-12-01,22,3726
2010-12-02,158,3884
2010-12-03,73,3957
2010-12-04,43,4000
2010-12-05,27,4027
2010-12-06,35,4062
2010-12-07,25,4087
2010-12-08,23,4110
2010-12-09,22,4132
2010-12-10,16,4148
2010-12-11,10,4158
2010-12-12,15,4173
2010-12-13,57,4230
2010-12-14,40,4270
2010-12-15,21,4291
2010-12-16,11,4302
2010-12-17,23,4325
2010-12-18,14,4339
2010-12-19,16,4355
2010-12-20,17,4372
2010-12-21,20,4392
2010-12-22,17,4409
2010-12-23,13,4422
2010-12-24,11,4433
2010-12-25,7,4440
2010-12-26,6,4446
2010-12-27,10,4456
2010-12-28,19,4475
2010-12-29,15,4490
2010-12-30,21,4511
2010-12-31,7,4518
2011-01-01,3,4521
2011-01-02,13,4534
2011-01-03,13,4547
2011-01-04,19,4566
2011-01-05,24,4590
2011-01-06,25,4615
2011-01-07,15,4630
2011-01-08,8,4638
2011-01-09,13,4651
2011-01-10,10,4661
2011-01-11,23,4684
2011-01-12,9,4693
2011-01-13,10,4703
2011-01-14,6,4709
2011-01-15,9,4718
2011-01-16,12,4730
2011-01-17,9,4739
2011-01-18,26,4765
2011-01-19,28,4793
2011-01-20,32,4825
2011-01-21,30,4855
2011-01-22,27,4882
2011-01-23,18,4900
2011-01-24,19,4919
2011-01-25,28,4947
2011-01-26,37,4984
2011-01-27,36,5020
2011-01-28,27,5047
2011-01-29,15,5062
2011-01-30,11,5073
2011-01-31,17,5090
2011-02-01,26,5116
2011-02-02,31,5147
2011-02-03,29,5176
2011-02-04,36,5212
2011-02-05,51,5263
2011-02-06,29,5292
2011-02-07,38,5330
2011-02-08,42,5372
2011-02-09,85,5457
2011-02-10,57,5514
2011-02-11,61,5575
2011-02-12,32,5607
2011-02-13,68,5675
2011-02-14,26,5701
2011-02-15,23,5724
2011-02-16,39,5763
2011-02-17,29,5792
2011-02-18,25,5817
2011-02-19,16,5833
2011-02-20,36,5869
2011-02-21,22,5891
2011-02-22,23,5914
2011-02-23,13,5927
2011-02-24,13,5940
2011-02-25,12,5952
2011-02-26,9,5961
2011-02-27,12,5973
2011-02-28,18,5991
2011-03-01,31,6022
2011-03-02,27,6049
2011-03-03,15,6064
2011-03-04,19,6083
2011-03-05,6,6089
2011-03-06,12,6101
2011-03-07,22,6123
2011-03-08,19,6142
2011-03-09,11,6153
2011-03-10,17,6170
2011-03-11,18,6188
2011-03-12,11,6199
2011-03-13,10,6209
2011-03-14,17,6226
2011-03-15,35,6261
2011-03-16,66,6327
2011-03-17,44,6371
2011-03-18,44,6415
2011-03-19,12,6427
2011-03-20,23,6450
2011-03-21,26,6476
2011-03-22,30,6506
2011-03-23,28,6534
2011-03-24,29,6563
2011-03-25,21,6584
2011-03-26,26,6610
2011-03-27,18,6628
2011-03-28,43,6671
2011-03-29,60,6731
2011-03-30,72,6803
2011-03-31,63,6866
2011-04-01,48,6914
2011-04-02,28,6942
2011-04-03,27,6969
2011-04-04,317,7286
2011-04-05,892,8178
2011-04-06,320,8498
2011-04-07,240,8738
2011-04-08,164,8902
2011-04-09,48,8950
2011-04-10,68,9018
2011-04-11,106,9124
2011-04-12,85,9209
2011-04-13,79,9288
2011-04-14,58,9346
2011-04-15,44,9390
2011-04-16,30,9420
2011-04-17,19,9439
2011-04-18,47,9486
2011-04-19,68,9554
2011-04-20,72,9626
2011-04-21,43,9669
2011-04-22,34,9703
2011-04-23,24,9727
2011-04-24,18,9745
2011-04-25,51,9796
2011-04-26,39,9835
2011-04-27,45,9880
2011-04-28,29,9909
2011-04-29,32,9941
2011-04-30,17,9958
2011-05-01,14,9972
2011-05-02,23,9995
2011-05-03,52,10047
2011-05-04,25,10072
2011-05-05,89,10161
2011-05-06,50,10211
2011-05-07,24,10235
2011-05-08,17,10252
2011-05-09,36,10288
2011-05-10,30,10318
2011-05-11,36,10354
2011-05-12,34,10388
2011-05-13,36,10424
2011-05-14,26,10450
2011-05-15,13,10463
2011-05-16,47,10510
2011-05-17,52,10562
2011-05-18,53,10615
2011-05-19,33,10648
2011-05-20,32,10680
2011-05-21,16,10696
2011-05-22,21,10717
2011-05-23,262,10979
2011-05-24,85,11064
2011-05-25,63,11127
2011-05-26,39,11166
2011-05-27,38,11204
2011-05-28,21,11225
2011-05-29,21,11246
2011-05-30,22,11268
2011-05-31,26,11294
2011-06-01,28,11322
2011-06-02,32,11354
2011-06-03,16,11370
2011-06-04,17,11387
2011-06-05,31,11418
2011-06-06,46,11464
2011-06-07,55,11519
2011-06-08,32,11551
2011-06-09,31,11582
2011-06-10,14,11596
2011-06-11,13,11609
2011-06-12,19,11628
2011-06-13,26,11654
2011-06-14,32,11686
2011-06-15,21,11707
2011-06-16,24,11731
2011-06-17,23,11754
2011-06-18,15,11769
2011-06-19,9,11778
2011-06-20,8,11786
2011-06-21,12,11798
2011-06-22,19,11817
2011-06-23,34,11851
2011-06-24,11,11862
2011-06-25,5,11867
2011-06-26,9,11876
2011-06-27,21,11897
2011-06-28,31,11928
2011-06-29,52,11980
2011-06-30,56,12036
2011-07-01,44,12080
2011-07-02,20,12100
2011-07-03,14,12114
2011-07-04,33,12147
2011-07-05,56,12203
2011-07-06,34,12237
2011-07-07,48,12285
2011-07-08,34,12319
2011-07-09,21,12340
2011-07-10,19,12359
2011-07-11,141,12500
2011-07-12,46,12546
2011-07-13,102,12648
2011-07-14,62,12710
2011-07-15,40,12750
2011-07-16,13,12763
2011-07-17,16,12779
2011-07-18,25,12804
2011-07-19,28,12832
2011-07-20,56,12888
2011-07-21,46,12934
2011-07-22,29,12963
2011-07-23,24,12987
2011-07-24,12,12999
2011-07-25,40,13039
2011-07-26,29,13068
2011-07-27,32,13100
2011-07-28,32,13132
2011-07-29,18,13150
2011-07-30,20,13170
2011-07-31,25,13195
2011-08-01,90,13285
2011-08-02,75,13360
2011-08-03,54,13414
2011-08-04,57,13471
2011-08-05,39,13510
2011-08-06,33,13543
2011-08-07,42,13585
2011-08-08,166,13751
2011-08-09,125,13876
2011-08-10,38,13914
2011-08-11,29,13943
2011-08-12,32,13975
2011-08-13,10,13985
2011-08-14,22,14007
2011-08-15,33,14040
2011-08-16,28,14068
2011-08-17,32,14100
2011-08-18,113,14213
2011-08-19,63,14276
2011-08-20,33,14309
2011-08-21,29,14338
2011-08-22,64,14402
2011-08-23,154,14556
2011-08-24,236,14792
2011-08-25,210,15002
2011-08-26,39,15041
2011-08-27,67,15108
2011-08-28,36,15144
2011-08-29,29,15173
2011-08-30,46,15219
2011-08-31,49,15268
2011-09-01,52,15320
2011-09-02,47,15367
2011-09-03,19,15386
2011-09-04,13,15399
2011-09-05,23,15422
2011-09-06,28,15450
2011-09-07,38,15488
2011-09-08,26,15514
2011-09-09,28,15542
2011-09-10,23,15565
2011-09-11,26,15591
2011-09-12,30,15621
2011-09-13,30,15651
2011-09-14,26,15677
2011-09-15,45,15722
2011-09-16,41,15763
2011-09-17,20,15783
2011-09-18,22,15805
2011-09-19,37,15842
2011-09-20,38,15880
2011-09-21,36,15916
2011-09-22,61,15977
2011-09-23,79,16056
2011-09-24,33,16089
2011-09-25,42,16131
2011-09-26,95,16226
2011-09-27,54,16280
2011-09-28,62,16342
2011-09-29,47,16389
2011-09-30,42,16431
2011-10-01,24,16455
2011-10-02,22,16477
2011-10-03,46,16523
2011-10-04,73,16596
2011-10-05,44,16640
2011-10-06,45,16685
2011-10-07,35,16720
2011-10-08,36,16756
2011-10-09,39,16795
2011-10-10,65,16860
2011-10-11,66,16926
2011-10-12,59,16985
2011-10-13,36,17021
2011-10-14,40,17061
2011-10-15,35,17096
2011-10-16,31,17127
2011-10-17,55,17182
2011-10-18,48,17230
2011-10-19,38,17268
2011-10-20,65,17333
2011-10-21,42,17375
2011-10-22,36,17411
2011-10-23,41,17452
2011-10-24,47,17499
2011-10-25,43,17542
2011-10-26,45,17587
2011-10-27,42,17629
2011-10-28,38,17667
2011-10-29,21,17688
2011-10-30,23,17711
2011-10-31,47,17758
2011-11-01,41,17799
2011-11-02,53,17852
2011-11-03,345,18197
2011-11-04,803,19000
2011-11-05,272,19272
2011-11-06,224,19496
2011-11-07,208,19704
2011-11-08,189,19893
2011-11-09,419,20312
2011-11-10,221,20533
2011-11-11,189,20722
2011-11-12,102,20824
2011-11-13,101,20925
2011-11-14,132,21057
2011-11-15,152,21209
2011-11-16,122,21331
2011-11-17,147,21478
2011-11-18,133,21611
2011-11-19,102,21713
2011-11-20,90,21803
2011-11-21,114,21917
2011-11-22,97,22014
2011-11-23,78,22092
2011-11-24,59,22151
2011-11-25,71,22222
2011-11-26,51,22273
2011-11-27,49,22322
2011-11-28,106,22428
2011-11-29,98,22526
2011-11-30,239,22765
2011-12-01,142,22907
2011-12-02,118,23025
2011-12-03,81,23106
2011-12-04,75,23181
2011-12-05,152,23333
2011-12-06,151,23484
2011-12-07,75,23559
2011-12-08,119,23678
2011-12-09,54,23732
2011-12-10,45,23777
2011-12-11,39,23816
2011-12-12,72,23888
2011-12-13,242,24130
2011-12-14,219,24349
2011-12-15,105,24454
2011-12-16,66,24520
2011-12-17,43,24563
2011-12-18,50,24613
2011-12-19,75,24688
2011-12-20,56,24744
2011-12-21,83,24827
2011-12-22,58,24885
2011-12-23,62,24947
2011-12-24,43,24990
2011-12-25,48,25038
2011-12-26,39,25077
2011-12-27,51,25128
2011-12-28,54,25182
2011-12-29,45,25227
2011-12-30,70,25297
2011-12-31,46,25343
2012-01-01,43,25386
2012-01-02,82,25468
2012-01-03,71,25539
2012-01-04,87,25626
2012-01-05,121,25747
2012-01-06,79,25826
2012-01-07,92,25918
2012-01-08,66,25984
2012-01-09,139,26123
2012-01-10,84,26207
2012-01-11,92,26299
2012-01-12,88,26387
2012-01-13,73,26460
2012-01-14,58,26518
2012-01-15,61,26579
2012-01-16,77,26656
2012-01-17,72,26728
2012-01-18,100,26828
2012-01-19,90,26918
2012-01-20,57,26975
2012-01-21,37,27012
2012-01-22,32,27044
2012-01-23,62,27106
2012-01-24,65,27171
2012-01-25,50,27221
2012-01-26,55,27276
2012-01-27,68,27344
2012-01-28,44,27388
2012-01-29,42,27430
2012-01-30,54,27484
2012-01-31,68,27552
2012-02-01,65,27617
2012-02-02,51,27668
2012-02-03,61,27729
2012-02-04,53,27782
2012-02-05,59,27841
2012-02-06,74,27915
2012-02-07,77,27992
2012-02-08,69,28061
2012-02-09,79,28140
2012-02-10,104,28244
2012-02-11,60,28304
2012-02-12,60,28364
2012-02-13,83,28447
2012-02-14,70,28517
2012-02-15,57,28574
2012-02-16,79,28653
2012-02-17,52,28705
2012-02-18,50,28755
2012-02-19,38,28793
2012-02-20,76,28869
2012-02-21,72,28941
2012-02-22,99,29040
2012-02-23,103,29143
2012-02-24,122,29265
2012-02-25,80,29345
2012-02-26,113,29458
2012-02-27,165,29623
2012-02-28,122,29745
2012-02-29,94,29839
2012-03-01,191,30030
2012-03-02,175,30205
2012-03-03,125,30330
2012-03-04,88,30418
2012-03-05,185,30603
2012-03-06,161,30764
2012-03-07,170,30934
2012-03-08,78,31012
2012-03-09,92,31104
2012-03-10,77,31181
2012-03-11,73,31254
2012-03-12,108,31362
2012-03-13,114,31476
2012-03-14,112,31588
2012-03-15,90,31678
2012-03-16,89,31767
2012-03-17,72,31839
2012-03-18,86,31925
2012-03-19,120,32045
2012-03-20,103,32148
2012-03-21,104,32252
2012-03-22,119,32371
2012-03-23,107,32478
2012-03-24,71,32549
2012-03-25,92,32641
2012-03-26,131,32772
2012-03-27,121,32893
2012-03-28,135,33028
2012-03-29,147,33175
2012-03-30,130,33305
2012-03-31,106,33411
2012-04-01,79,33490
2012-04-02,129,33619
2012-04-03,107,33726
2012-04-04,98,33824
2012-04-05,78,33902
2012-04-06,96,33998
2012-04-07,114,34112
2012-04-08,80,34192
2012-04-09,113,34305
2012-04-10,131,34436
2012-04-11,103,34539
2012-04-12,189,34728
2012-04-13,147,34875
2012-04-14,105,34980
2012-04-15,207,35187
2012-04-16,282,35469
2012-04-17,178,35647
2012-04-18,132,35779
2012-04-19,93,35872
2012-04-20,111,35983
2012-04-21,72,36055
2012-04-22,124,36179
2012-04-23,117,36296
2012-04-24,94,36390
2012-04-25,105,36495
2012-04-26,108,36603
2012-04-27,170,36773
2012-04-28,236,37009
2012-04-29,85,37094
2012-04-30,94,37188
2012-05-01,91,37279
2012-05-02,103,37382
2012-05-03,109,37491
2012-05-04,90,37581
2012-05-05,65,37646
2012-05-06,57,37703
2012-05-07,82,37785
2012-05-08,111,37896
2012-05-09,102,37998
2012-05-10,80,38078
2012-05-11,62,38140
2012-05-12,67,38207
2012-05-13,73,38280
2012-05-14,87,38367
2012-05-15,105,38472
2012-05-16,72,38544
2012-05-17,58,38602
2012-05-18,62,38664
2012-05-19,74,38738
2012-05-20,63,38801
2012-05-21,87,38888
2012-05-22,73,38961
2012-05-23,96,39057
2012-05-24,68,39125
2012-05-25,79,39204
2012-05-26,39,39243
2012-05-27,36,39279
2012-05-28,60,39339
2012-05-29,57,39396
2012-05-30,83,39479
2012-05-31,96,39575
2012-06-01,95,39670
2012-06-02,39,39709
2012-06-03,38,39747
2012-06-04,53,39800
2012-06-05,295,40095
2012-06-06,417,40512
2012-06-07,186,40698
2012-06-08,131,40829
2012-06-09,88,40917
2012-06-10,145,41062
2012-06-11,209,41271
2012-06-12,142,41413
2012-06-13,116,41529
2012-06-14,138,41667
2012-06-15,115,41782
2012-06-16,50,41832
2012-06-17,120,41952
2012-06-18,142,42094
2012-06-19,163,42257
2012-06-20,167,42424
2012-06-21,140,42564
2012-06-22,95,42659
2012-06-23,79,42738
2012-06-24,76,42814
2012-06-25,93,42907
2012-06-26,94,43001
2012-06-27,97,43098
2012-06-28,102,43200
2012-06-29,110,43310
2012-06-30,81,43391
2012-07-01,49,43440
2012-07-02,114,43554
2012-07-03,130,43684
2012-07-04,103,43787
2012-07-05,110,43897
2012-07-06,96,43993
2012-07-07,86,44079
2012-07-08,98,44177
2012-07-09,119,44296
2012-07-10,127,44423
2012-07-11,112,44535
2012-07-12,77,44612
2012-07-13,98,44710
2012-07-14,97,44807
2012-07-15,68,44875
2012-07-16,112,44987
2012-07-17,101,45088
2012-07-18,83,45171
2012-07-19,103,45274
2012-07-20,128,45402
2012-07-21,134,45536
2012-07-22,82,45618
2012-07-23,135,45753
2012-07-24,105,45858
2012-07-25,84,45942
2012-07-26,84,46026
2012-07-27,60,46086
2012-07-28,35,46121
2012-07-29,41,46162
2012-07-30,58,46220
2012-07-31,74,46294
2012-08-01,90,46384
2012-08-02,83,46467
2012-08-03,85,46552
2012-08-04,34,46586
2012-08-05,42,46628
2012-08-06,79,46707
2012-08-07,85,46792
2012-08-08,74,46866
2012-08-09,88,46954
2012-08-10,113,47067
2012-08-11,44,47111
2012-08-12,55,47166
2012-08-13,92,47258
2012-08-14,97,47355
2012-08-15,103,47458
2012-08-16,66,47524
2012-08-17,87,47611
2012-08-18,63,47674
2012-08-19,50,47724
2012-08-20,117,47841
2012-08-21,510,48351
2012-08-22,670,49021
2012-08-23,346,49367
2012-08-24,258,49625
2012-08-25,180,49805
2012-08-26,185,49990
2012-08-27,420,50410
2012-08-28,205,50615
2012-08-29,189,50804
2012-08-30,156,50960
2012-08-31,135,51095
2012-09-01,128,51223
2012-09-02,116,51339
2012-09-03,147,51486
2012-09-04,167,51653
2012-09-05,157,51810
2012-09-06,143,51953
2012-09-07,124,52077
2012-09-08,74,52151
2012-09-09,108,52259
2012-09-10,99,52358
2012-09-11,134,52492
2012-09-12,173,52665
2012-09-13,166,52831
2012-09-14,132,52963
2012-09-15,76,53039
2012-09-16,82,53121
2012-09-17,129,53250
2012-09-18,116,53366
2012-09-19,140,53506
2012-09-20,123,53629
2012-09-21,119,53748
2012-09-22,86,53834
2012-09-23,121,53955
2012-09-24,142,54097
2012-09-25,177,54274
2012-09-26,136,54410
2012-09-27,158,54568
2012-09-28,117,54685
2012-09-29,144,54829
2012-09-30,125,54954
2012-10-01,171,55125
2012-10-02,145,55270
2012-10-03,214,55484
2012-10-04,190,55674
2012-10-05,146,55820
2012-10-06,114,55934
2012-10-07,99,56033
2012-10-08,123,56156
2012-10-09,147,56303
2012-10-10,171,56474
2012-10-11,206,56680
2012-10-12,140,56820
2012-10-13,91,56911
2012-10-14,103,57014
2012-10-15,230,57244
2012-10-16,234,57478
2012-10-17,206,57684
2012-10-18,202,57886
2012-10-19,193,58079
2012-10-20,101,58180
2012-10-21,137,58317
2012-10-22,164,58481
2012-10-23,196,58677
2012-10-24,489,59166
2012-10-25,318,59484
2012-10-26,217,59701
2012-10-27,145,59846
2012-10-28,115,59961
2012-10-29,174,60135
2012-10-30,193,60328
2012-10-31,201,60529
2012-11-01,200,60729
2012-11-02,165,60894
2012-11-03,130,61024
2012-11-04,155,61179
2012-11-05,243,61422
2012-11-06,244,61666
2012-11-07,180,61846
2012-11-08,198,62044
2012-11-09,168,62212
2012-11-10,105,62317
2012-11-11,107,62424
2012-11-12,149,62573
2012-11-13,161,62734
2012-11-14,143,62877
2012-11-15,152,63029
2012-11-16,132,63161
2012-11-17,92,63253
2012-11-18,102,63355
2012-11-19,182,63537
2012-11-20,159,63696
2012-11-21,132,63828
2012-11-22,127,63955
2012-11-23,105,64060
2012-11-24,99,64159
2012-11-25,122,64281
2012-11-26,192,64473
2012-11-27,154,64627
2012-11-28,194,64821
2012-11-29,231,65052
2012-11-30,245,65297
2012-12-01,134,65431
2012-12-02,134,65565
2012-12-03,216,65781
2012-12-04,218,65999
2012-12-05,203,66202
2012-12-06,162,66364
2012-12-07,215,66579
2012-12-08,217,66796
2012-12-09,402,67198
2012-12-10,402,67600
2012-12-11,231,67831
2012-12-12,272,68103
2012-12-13,379,68482
2012-12-14,287,68769
2012-12-15,207,68976
2012-12-16,176,69152
2012-12-17,259,69411
2012-12-18,234,69645
2012-12-19,190,69835
2012-12-20,210,70045
2012-12-21,176,70221
2012-12-22,146,70367
2012-12-23,112,70479
2012-12-24,119,70598
2012-12-25,94,70692
2012-12-26,105,70797
2012-12-27,107,70904
2012-12-28,114,71018
2012-12-29,77,71095
2012-12-30,94,71189
2012-12-31,100,71289
2013-01-01,80,71369
2013-01-02,127,71496
2013-01-03,143,71639
2013-01-04,129,71768
2013-01-05,124,71892
2013-01-06,134,72026
2013-01-07,197,72223
2013-01-08,171,72394
2013-01-09,185,72579
2013-01-10,192,72771
2013-01-11,190,72961
2013-01-12,129,73090
2013-01-13,85,73175
2013-01-14,158,73333
2013-01-15,148,73481
2013-01-16,162,73643
2013-01-17,152,73795
2013-01-18,160,73955
2013-01-19,112,74067
2013-01-20,103,74170
2013-01-21,154,74324
2013-01-22,239,74563
2013-01-23,133,74696
2013-01-24,144,74840
2013-01-25,129,74969
2013-01-26,78,75047
2013-01-27,113,75160
2013-01-28,150,75310
2013-01-29,174,75484
2013-01-30,143,75627
2013-01-31,155,75782
2013-02-01,130,75912
2013-02-02,108,76020
2013-02-03,125,76145
2013-02-04,169,76314
2013-02-05,148,76462
2013-02-06,156,76618
2013-02-07,172,76790
2013-02-08,143,76933
2013-02-09,104,77037
2013-02-10,96,77133
2013-02-11,157,77290
2013-02-12,170,77460
2013-02-13,198,77658
2013-02-14,199,77857
2013-02-15,160,78017
2013-02-16,142,78159
2013-02-17,121,78280
2013-02-18,142,78422
2013-02-19,215,78637
2013-02-20,169,78806
2013-02-21,164,78970
2013-02-22,150,79120
2013-02-23,130,79250
2013-02-24,105,79355
2013-02-25,164,79519
2013-02-26,297,79816
2013-02-27,200,80016
2013-02-28,199,80215
2013-03-01,150,80365
2013-03-02,122,80487
2013-03-03,105,80592
2013-03-04,164,80756
2013-03-05,186,80942
2013-03-06,150,81092
2013-03-07,157,81249
2013-03-08,143,81392
2013-03-09,101,81493
2013-03-10,161,81654
2013-03-11,171,81825
2013-03-12,174,81999
2013-03-13,169,82168
2013-03-14,150,82318
2013-03-15,152,82470
2013-03-16,102,82572
2013-03-17,121,82693
2013-03-18,152,82845
2013-03-19,178,83023
2013-03-20,184,83207
2013-03-21,155,83362
2013-03-22,168,83530
2013-03-23,90,83620
2013-03-24,121,83741
2013-03-25,151,83892
2013-03-26,164,84056
2013-03-27,186,84242
2013-03-28,181,84423
2013-03-29,139,84562
2013-03-30,90,84652
2013-03-31,100,84752
2013-04-01,136,84888
2013-04-02,192,85080
2013-04-03,181,85261
2013-04-04,182,85443
2013-04-05,149,85592
2013-04-06,102,85694
2013-04-07,136,85830
2013-04-08,188,86018
2013-04-09,238,86256
2013-04-10,220,86476
2013-04-11,210,86686
2013-04-12,351,87037
2013-04-13,225,87262
2013-04-14,178,87440
2013-04-15,214,87654
2013-04-16,185,87839
2013-04-17,180,88019
2013-04-18,242,88261
2013-04-19,249,88510
2013-04-20,142,88652
2013-04-21,134,88786
2013-04-22,177,88963
2013-04-23,204,89167
2013-04-24,189,89356
2013-04-25,216,89572
2013-04-26,159,89731
2013-04-27,131,89862
2013-04-28,109,89971
2013-04-29,239,90210
2013-04-30,181,90391
2013-05-01,190,90581
2013-05-02,259,90840
2013-05-03,251,91091
2013-05-04,111,91202
2013-05-05,120,91322
2013-05-06,174,91496
2013-05-07,190,91686
2013-05-08,219,91905
2013-05-09,183,92088
2013-05-10,152,92240
2013-05-11,141,92381
2013-05-12,111,92492
2013-05-13,169,92661
2013-05-14,191,92852
2013-05-15,218,93070
2013-05-16,176,93246
2013-05-17,143,93389
2013-05-18,88,93477
2013-05-19,92,93569
2013-05-20,201,93770
2013-05-21,164,93934
2013-05-22,192,94126
2013-05-23,170,94296
2013-05-24,172,94468
2013-05-25,114,94582
2013-05-26,103,94685
2013-05-27,127,94812
2013-05-28,221,95033
2013-05-29,216,95249
2013-05-30,253,95502
2013-05-31,217,95719
2013-06-01,242,95961
2013-06-02,205,96166
2013-06-03,234,96400
2013-06-04,228,96628
2013-06-05,216,96844
2013-06-06,180,97024
2013-06-07,146,97170
2013-06-08,663,97833
2013-06-09,451,98284
2013-06-10,555,98839
2013-06-11,456,99295
2013-06-12,445,99740
2013-06-13,403,100143
2013-06-14,361,100504
2013-06-15,367,100871
2013-06-16,483,101354
2013-06-17,498,101852
2013-06-18,198,102050
2013-06-19,153,102203
2013-06-20,147,102350
2013-06-21,104,102454
2013-06-22,90,102544
2013-06-23,89,102633
2013-06-24,137,102770
2013-06-25,147,102917
2013-06-26,171,103088
2013-06-27,147,103235
2013-06-28,123,103358
2013-06-29,86,103444
2013-06-30,88,103532
2013-07-01,137,103669
2013-07-02,110,103779
2013-07-03,125,103904
2013-07-04,113,104017
2013-07-05,84,104101
2013-07-06,68,104169
2013-07-07,75,104244
2013-07-08,131,104375
2013-07-09,139,104514
2013-07-10,112,104626
2013-07-11,153,104779
2013-07-12,142,104921
2013-07-13,89,105010
2013-07-14,85,105095
2013-07-15,123,105218
2013-07-16,124,105342
2013-07-17,147,105489
2013-07-18,171,105660
2013-07-19,140,105800
2013-07-20,94,105894
2013-07-21,87,105981
2013-07-22,121,106102
2013-07-23,118,106220
2013-07-24,124,106344
2013-07-25,113,106457
2013-07-26,122,106579
2013-07-27,86,106665
2013-07-28,91,106756
2013-07-29,132,106888
2013-07-30,126,107014
2013-07-31,127,107141
2013-08-01,114,107255
2013-08-02,111,107366
2013-08-03,63,107429
2013-08-04,49,107478
2013-08-05,110,107588
2013-08-06,169,107757
2013-08-07,175,107932
2013-08-08,133,108065
2013-08-09,107,108172
2013-08-10,93,108265
2013-08-11,80,108345
2013-08-12,132,108477
2013-08-13,114,108591
2013-08-14,119,108710
2013-08-15,160,108870
2013-08-16,135,109005
2013-08-17,71,109076
2013-08-18,83,109159
2013-08-19,145,109304
2013-08-20,154,109458
2013-08-21,152,109610
2013-08-22,136,109746
2013-08-23,122,109868
2013-08-24,104,109972
2013-08-25,93,110065
2013-08-26,152,110217
2013-08-27,114,110331
2013-08-28,138,110469
2013-08-29,143,110612
2013-08-30,331,110943
2013-08-31,528,111471
2013-09-01,345,111816
2013-09-02,228,112044
2013-09-03,220,112264
2013-09-04,248,112512
2013-09-05,186,112698
2013-09-06,176,112874
2013-09-07,112,112986
2013-09-08,118,113104
2013-09-09,188,113292
2013-09-10,195,113487
2013-09-11,182,113669
2013-09-12,218,113887
2013-09-13,190,114077
2013-09-14,125,114202
2013-09-15,128,114330
2013-09-16,220,114550
2013-09-17,210,114760
2013-09-18,213,114973
2013-09-19,191,115164
2013-09-20,165,115329
2013-09-21,138,115467
2013-09-22,149,115616
2013-09-23,223,115839
2013-09-24,195,116034
2013-09-25,280,116314
2013-09-26,289,116603
2013-09-27,208,116811
2013-09-28,146,116957
2013-09-29,160,117117
2013-09-30,212,117329
2013-10-01,261,117590
2013-10-02,221,117811
2013-10-03,208,118019
2013-10-04,203,118222
2013-10-05,110,118332
2013-10-06,150,118482
2013-10-07,202,118684
2013-10-08,209,118893
2013-10-09,184,119077
2013-10-10,167,119244
2013-10-11,174,119418
2013-10-12,124,119542
2013-10-13,138,119680
2013-10-14,207,119887
2013-10-15,231,120118
2013-10-16,239,120357
2013-10-17,234,120591
2013-10-18,249,120840
2013-10-19,158,120998
2013-10-20,153,121151
2013-10-21,259,121410
2013-10-22,230,121640
2013-10-23,211,121851
2013-10-24,214,122065
2013-10-25,186,122251
2013-10-26,101,122352
2013-10-27,150,122502
2013-10-28,253,122755
2013-10-29,223,122978
2013-10-30,199,123177
2013-10-31,179,123356
2013-11-01,163,123519
2013-11-02,129,123648
2013-11-03,142,123790
2013-11-04,210,124000
2013-11-05,229,124229
2013-11-06,254,124483
2013-11-07,196,124679
2013-11-08,201,124880
2013-11-09,144,125024
2013-11-10,175,125199
2013-11-11,234,125433
2013-11-12,239,125672
2013-11-13,220,125892
2013-11-14,269,126161
2013-11-15,237,126398
2013-11-16,142,126540
2013-11-17,193,126733
2013-11-18,257,126990
2013-11-19,331,127321
2013-11-20,237,127558
2013-11-21,220,127778
2013-11-22,211,127989
2013-11-23,114,128103
2013-11-24,137,128240
2013-11-25,203,128443
2013-11-26,257,128700
2013-11-27,255,128955
2013-11-28,200,129155
2013-11-29,178,129333
2013-11-30,156,129489
2013-12-01,152,129641
2013-12-02,244,129885
2013-12-03,205,130090
2013-12-04,235,130325
2013-12-05,196,130521
2013-12-06,194,130715
2013-12-07,138,130853
2013-12-08,137,130990
2013-12-09,222,131212
2013-12-10,212,131424
2013-12-11,249,131673
2013-12-12,253,131926
2013-12-13,178,132104
2013-12-14,114,132218
2013-12-15,125,132343
2013-12-16,169,132512
2013-12-17,188,132700
2013-12-18,170,132870
2013-12-19,267,133137
2013-12-20,238,133375
2013-12-21,122,133497
2013-12-22,95,133592
2013-12-23,146,133738
2013-12-24,106,133844
2013-12-25,100,133944
2013-12-26,1581,135525
2013-12-27,631,136156
2013-12-28,241,136397
2013-12-29,205,136602
2013-12-30,216,136818
2013-12-31,171,136989
2014-01-01,124,137113
2014-01-02,194,137307
2014-01-03,231,137538
2014-01-04,123,137661
2014-01-05,136,137797
2014-01-06,188,137985
2014-01-07,221,138206
2014-01-08,233,138439
2014-01-09,242,138681
2014-01-10,205,138886
2014-01-11,153,139039
2014-01-12,130,139169
2014-01-13,186,139355
2014-01-14,239,139594
2014-01-15,199,139793
2014-01-16,235,140028
2014-01-17,185,140213
2014-01-18,144,140357
2014-01-19,142,140499
2014-01-20,258,140757
2014-01-21,243,141000
2014-01-22,219,141219
2014-01-23,242,141461
2014-01-24,211,141672
2014-01-25,176,141848
2014-01-26,146,141994
2014-01-27,254,142248
2014-01-28,239,142487
2014-01-29,233,142720
2014-01-30,250,142970
2014-01-31,295,143265
2014-02-01,153,143418
2014-02-02,154,143572
2014-02-03,243,143815
2014-02-04,237,144052
2014-02-05,297,144349
2014-02-06,325,144674
2014-02-07,253,144927
2014-02-08,210,145137
2014-02-09,182,145319
2014-02-10,322,145641
2014-02-11,355,145996
2014-02-12,344,146340
2014-02-13,243,146583
2014-02-14,277,146860
2014-02-15,146,147006
2014-02-16,154,147160
2014-02-17,259,147419
2014-02-18,319,147738
2014-02-19,316,148054
2014-02-20,269,148323
2014-02-21,252,148575
2014-02-22,174,148749
2014-02-23,209,148958
2014-02-24,309,149267
2014-02-25,322,149589
2014-02-26,360,149949
2014-02-27,333,150282
2014-02-28,283,150565
2014-03-01,199,150764
2014-03-02,167,150931
2014-03-03,292,151223
2014-03-04,335,151558
2014-03-05,284,151842
2014-03-06,298,152140
2014-03-07,281,152421
2014-03-08,213,152634
2014-03-09,260,152894
2014-03-10,373,153267
2014-03-11,316,153583
2014-03-12,283,153866
2014-03-13,289,154155
2014-03-14,266,154421
2014-03-15,174,154595
2014-03-16,194,154789
2014-03-17,311,155100
2014-03-18,277,155377
2014-03-19,444,155821
2014-03-20,421,156242
2014-03-21,192,156434
2014-03-22,124,156558
2014-03-23,183,156741
2014-03-24,311,157052
2014-03-25,331,157383
2014-03-26,239,157622
2014-03-27,253,157875
2014-03-28,229,158104
2014-03-29,175,158279
2014-03-30,167,158446
2014-03-31,252,158698
2014-04-01,312,159010
2014-04-02,272,159282
2014-04-03,270,159552
2014-04-04,253,159805
2014-04-05,165,159970
2014-04-06,147,160117
2014-04-07,262,160379
2014-04-08,581,160960
2014-04-09,456,161416
2014-04-10,406,161822
2014-04-11,376,162198
2014-04-12,315,162513
2014-04-13,357,162870
2014-04-14,459,163329
2014-04-15,372,163701
2014-04-16,318,164019
2014-04-17,324,164343
2014-04-18,257,164600
2014-04-19,201,164801
2014-04-20,235,165036
2014-04-21,354,165390
2014-04-22,332,165722
2014-04-23,323,166045
2014-04-24,294,166339
2014-04-25,235,166574
2014-04-26,181,166755
2014-04-27,178,166933
2014-04-28,285,167218
2014-04-29,320,167538
2014-04-30,319,167857
2014-05-01,226,168083
2014-05-02,256,168339
2014-05-03,149,168488
2014-05-04,166,168654
2014-05-05,246,168900
2014-05-06,270,169170
2014-05-07,249,169419
2014-05-08,233,169652
2014-05-09,211,169863
2014-05-10,133,169996
2014-05-11,162,170158
2014-05-12,228,170386
2014-05-13,349,170735
2014-05-14,302,171037
2014-05-15,252,171289
2014-05-16,230,171519
2014-05-17,196,171715
2014-05-18,188,171903
2014-05-19,274,172177
2014-05-20,388,172565
2014-05-21,531,173096
2014-05-22,477,173573
2014-05-23,354,173927
2014-05-24,227,174154
2014-05-25,168,174322
2014-05-26,248,174570
2014-05-27,272,174842
2014-05-28,321,175163
2014-05-29,258,175421
2014-05-30,217,175638
2014-05-31,154,175792
2014-06-01,148,175940
2014-06-02,316,176256
2014-06-03,332,176588
2014-06-04,281,176869
2014-06-05,260,177129
2014-06-06,215,177344
2014-06-07,161,177505
2014-06-08,214,177719
2014-06-09,332,178051
2014-06-10,292,178343
2014-06-11,306,178649
2014-06-12,235,178884
2014-06-13,225,179109
2014-06-14,169,179278
2014-06-15,147,179425
2014-06-16,210,179635
2014-06-17,256,179891
2014-06-18,246,180137
2014-06-19,229,180366
2014-06-20,213,180579
2014-06-21,133,180712
2014-06-22,141,180853
2014-06-23,240,181093
2014-06-24,273,181366
2014-06-25,257,181623
2014-06-26,274,181897
2014-06-27,246,182143
2014-06-28,149,182292
2014-06-29,149,182441
2014-06-30,219,182660
2014-07-01,244,182904
2014-07-02,292,183196
2014-07-03,218,183414
2014-07-04,206,183620
2014-07-05,127,183747
2014-07-06,131,183878
2014-07-07,289,184167
2014-07-08,507,184674
2014-07-09,321,184995
2014-07-10,316,185311
2014-07-11,303,185614
2014-07-12,182,185796
2014-07-13,117,185913
2014-07-14,259,186172
2014-07-15,296,186468
2014-07-16,277,186745
2014-07-17,238,186983
2014-07-18,205,187188
2014-07-19,140,187328
2014-07-20,114,187442
2014-07-21,242,187684
2014-07-22,272,187956
2014-07-23,200,188156
2014-07-24,219,188375
2014-07-25,210,188585
2014-07-26,132,188717
2014-07-27,132,188849
2014-07-28,251,189100
2014-07-29,236,189336
2014-07-30,241,189577
2014-07-31,539,190116
2014-08-01,337,190453
2014-08-02,256,190709
2014-08-03,251,190960
2014-08-04,415,191375
2014-08-05,330,191705
2014-08-06,317,192022
2014-08-07,292,192314
2014-08-08,235,192549
2014-08-09,208,192757
2014-08-10,201,192958
2014-08-11,290,193248
2014-08-12,319,193567
2014-08-13,256,193823
2014-08-14,281,194104
2014-08-15,211,194315
2014-08-16,189,194504
2014-08-17,157,194661
2014-08-18,327,194988
2014-08-19,398,195386
2014-08-20,410,195796
2014-08-21,313,196109
2014-08-22,280,196389
2014-08-23,190,196579
2014-08-24,227,196806
2014-08-25,329,197135
2014-08-26,393,197528
2014-08-27,344,197872
2014-08-28,344,198216
2014-08-29,281,198497
2014-08-30,236,198733
2014-08-31,256,198989
2014-09-01,268,199257
2014-09-02,324,199581
2014-09-03,326,199907
2014-09-04,324,200231
2014-09-05,291,200522
2014-09-06,237,200759
2014-09-07,251,201010
2014-09-08,319,201329
2014-09-09,324,201653
2014-09-10,331,201984
2014-09-11,365,202349
2014-09-12,324,202673
2014-09-13,187,202860
2014-09-14,229,203089
2014-09-15,325,203414
2014-09-16,342,203756
2014-09-17,422,204178
2014-09-18,321,204499
2014-09-19,395,204894
2014-09-20,231,205125
2014-09-21,231,205356
2014-09-22,455,205811
2014-09-23,374,206185
2014-09-24,304,206489
2014-09-25,351,206840
2014-09-26,336,207176
2014-09-27,227,207403
2014-09-28,267,207670
2014-09-29,411,208081
2014-09-30,415,208496
2014-10-01,357,208853
2014-10-02,382,209235
2014-10-03,289,209524
2014-10-04,200,209724
2014-10-05,201,209925
2014-10-06,295,210220
2014-10-07,347,210567
2014-10-08,323,210890
2014-10-09,349,211239
2014-10-10,320,211559
2014-10-11,233,211792
2014-10-12,238,212030
2014-10-13,327,212357
2014-10-14,342,212699
2014-10-15,338,213037
2014-10-16,336,213373
2014-10-17,327,213700
2014-10-18,235,213935
2014-10-19,204,214139
2014-10-20,381,214520
2014-10-21,343,214863
2014-10-22,348,215211
2014-10-23,291,215502
2014-10-24,243,215745
2014-10-25,212,215957
2014-10-26,266,216223
2014-10-27,377,216600
2014-10-28,332,216932
2014-10-29,359,217291
2014-10-30,359,217650
2014-10-31,312,217962
2014-11-01,224,218186
2014-11-02,236,218422
2014-11-03,392,218814
2014-11-04,405,219219
2014-11-05,327,219546
2014-11-06,396,219942
2014-11-07,298,220240
2014-11-08,213,220453
2014-11-09,302,220755
2014-11-10,446,221201
2014-11-11,391,221592
2014-11-12,406,221998
2014-11-13,357,222355
2014-11-14,426,222781
2014-11-15,254,223035
2014-11-16,292,223327
2014-11-17,400,223727
2014-11-18,370,224097
2014-11-19,380,224477
2014-11-20,402,224879
2014-11-21,349,225228
2014-11-22,216,225444
2014-11-23,252,225696
2014-11-24,360,226056
2014-11-25,434,226490
2014-11-26,387,226877
2014-11-27,335,227212
2014-11-28,267,227479
2014-11-29,230,227709
2014-11-30,285,227994
2014-12-01,398,228392
2014-12-02,403,228795
2014-12-03,425,229220
2014-12-04,369,229589
2014-12-05,398,229987
2014-12-06,314,230301
2014-12-07,326,230627
2014-12-08,408,231035
2014-12-09,414,231449
2014-12-10,378,231827
2014-12-11,336,232163
2014-12-12,334,232497
2014-12-13,255,232752
2014-12-14,241,232993
2014-12-15,411,233404
2014-12-16,500,233904
2014-12-17,476,234380
2014-12-18,452,234832
2014-12-19,351,235183
2014-12-20,228,235411
2014-12-21,243,235654
2014-12-22,334,235988
2014-12-23,355,236343
2014-12-24,267,236610
2014-12-25,205,236815
2014-12-26,197,237012
2014-12-27,184,237196
2014-12-28,216,237412
2014-12-29,283,237695
2014-12-30,272,237967
2014-12-31,203,238170
2015-01-01,193,238363
2015-01-02,254,238617
2015-01-03,231,238848
2015-01-04,218,239066
2015-01-05,377,239443
2015-01-06,343,239786
2015-01-07,333,240119
2015-01-08,348,240467
2015-01-09,315,240782
2015-01-10,266,241048
2015-01-11,239,241287
2015-01-12,387,241674
2015-01-13,353,242027
2015-01-14,337,242364
2015-01-15,368,242732
2015-01-16,347,243079
2015-01-17,229,243308
2015-01-18,236,243544
2015-01-19,377,243921
2015-01-20,393,244314
2015-01-21,409,244723
2015-01-22,399,245122
2015-01-23,381,245503
2015-01-24,246,245749
2015-01-25,271,246020
2015-01-26,350,246370
2015-01-27,430,246800
2015-01-28,408,247208
2015-01-29,399,247607
2015-01-30,458,248065
2015-01-31,315,248380
2015-02-01,335,248715
2015-02-02,428,249143
2015-02-03,532,249675
2015-02-04,526,250201
2015-02-05,459,250660
2015-02-06,428,251088
2015-02-07,289,251377
2015-02-08,352,251729
2015-02-09,563,252292
2015-02-10,617,252909
2015-02-11,485,253394
2015-02-12,426,253820
2015-02-13,444,254264
2015-02-14,251,254515
2015-02-15,280,254795
2015-02-16,453,255248
2015-02-17,444,255692
2015-02-18,443,256135
2015-02-19,519,256654
2015-02-20,484,257138
2015-02-21,380,257518
2015-02-22,417,257935
2015-02-23,582,258517
2015-02-24,643,259160
2015-02-25,614,259774
2015-02-26,528,260302
2015-02-27,489,260791
2015-02-28,386,261177
2015-03-01,375,261552
2015-03-02,535,262087
2015-03-03,542,262629
2015-03-04,495,263124
2015-03-05,576,263700
2015-03-06,498,264198
2015-03-07,303,264501
2015-03-08,336,264837
2015-03-09,542,265379
2015-03-10,592,265971
2015-03-11,554,266525
2015-03-12,552,267077
2015-03-13,502,267579
2015-03-14,337,267916
2015-03-15,336,268252
2015-03-16,570,268822
2015-03-17,657,269479
2015-03-18,667,270146
2015-03-19,708,270854
2015-03-20,572,271426
2015-03-21,430,271856
2015-03-22,459,272315
2015-03-23,820,273135
2015-03-24,904,274039
2015-03-25,668,274707
2015-03-26,620,275327
2015-03-27,640,275967
2015-03-28,463,276430
2015-03-29,423,276853
2015-03-30,655,277508
2015-03-31,650,278158
2015-04-01,682,278840
2015-04-02,667,279507
2015-04-03,524,280031
2015-04-04,398,280429
2015-04-05,403,280832
2015-04-06,576,281408
2015-04-07,1139,282547
2015-04-08,988,283535
2015-04-09,950,284485
2015-04-10,820,285305
2015-04-11,684,285989
2015-04-12,805,286794
2015-04-13,1229,288023
2015-04-14,832,288855
2015-04-15,701,289556
2015-04-16,698,290254
2015-04-17,766,291020
2015-04-18,407,291427
2015-04-19,447,291874
2015-04-20,583,292457
2015-04-21,559,293016
2015-04-22,595,293611
2015-04-23,578,294189
2015-04-24,552,294741
2015-04-25,422,295163
2015-04-26,382,295545
2015-04-27,634,296179
2015-04-28,898,297077
2015-04-29,651,297728
2015-04-30,531,298259
2015-05-01,409,298668
2015-05-02,357,299025
2015-05-03,389,299414
2015-05-04,602,300016
2015-05-05,636,300652
2015-05-06,561,301213
2015-05-07,622,301835
2015-05-08,456,302291
2015-05-09,329,302620
2015-05-10,343,302963
2015-05-11,616,303579
2015-05-12,573,304152
2015-05-13,576,304728
2015-05-14,533,305261
2015-05-15,445,305706
2015-05-16,372,306078
2015-05-17,381,306459
2015-05-18,613,307072
2015-05-19,514,307586
2015-05-20,516,308102
2015-05-21,481,308583
2015-05-22,429,309012
2015-05-23,309,309321
2015-05-24,290,309611
2015-05-25,382,309993
2015-05-26,546,310539
2015-05-27,535,311074
2015-05-28,535,311609
2015-05-29,503,312112
2015-05-30,377,312489
2015-05-31,414,312903
2015-06-01,518,313421
2015-06-02,589,314010
2015-06-03,547,314557
2015-06-04,597,315154
2015-06-05,522,315676
2015-06-06,317,315993
2015-06-07,405,316398
2015-06-08,468,316866
2015-06-09,515,317381
2015-06-10,512,317893
2015-06-11,488,318381
2015-06-12,430,318811
2015-06-13,354,319165
2015-06-14,358,319523
2015-06-15,524,320047
2015-06-16,483,320530
2015-06-17,369,320899
2015-06-18,457,321356
2015-06-19,446,321802
2015-06-20,297,322099
2015-06-21,315,322414
2015-06-22,526,322940
2015-06-23,481,323421
2015-06-24,419,323840
2015-06-25,415,324255
2015-06-26,443,324698
2015-06-27,279,324977
2015-06-28,254,325231
2015-06-29,486,325717
2015-06-30,438,326155
2015-07-01,449,326604
2015-07-02,452,327056
2015-07-03,370,327426
2015-07-04,240,327666
2015-07-05,277,327943
2015-07-06,553,328496
2015-07-07,718,329214
2015-07-08,641,329855
2015-07-09,597,330452
2015-07-10,572,331024
2015-07-11,423,331447
2015-07-12,503,331950
2015-07-13,881,332831
2015-07-14,597,333428
2015-07-15,565,333993
2015-07-16,588,334581
2015-07-17,497,335078
2015-07-18,313,335391
2015-07-19,348,335739
2015-07-20,536,336275
2015-07-21,660,336935
2015-07-22,572,337507
2015-07-23,464,337971
2015-07-24,507,338478
2015-07-25,336,338814
2015-07-26,325,339139
2015-07-27,513,339652
2015-07-28,532,340184
2015-07-29,546,340730
2015-07-30,498,341228
2015-07-31,437,341665
2015-08-01,295,341960
2015-08-02,326,342286
2015-08-03,454,342740
2015-08-04,597,343337
2015-08-05,476,343813
2015-08-06,454,344267
2015-08-07,400,344667
2015-08-08,296,344963
2015-08-09,325,345288
2015-08-10,484,345772
2015-08-11,441,346213
2015-08-12,468,346681
2015-08-13,492,347173
2015-08-14,428,347601
2015-08-15,280,347881
2015-08-16,340,348221
2015-08-17,510,348731
2015-08-18,546,349277
2015-08-19,554,349831
2015-08-20,573,350404
2015-08-21,476,350880
2015-08-22,344,351224
2015-08-23,364,351588
2015-08-24,556,352144
2015-08-25,601,352745
2015-08-26,603,353348
2015-08-27,551,353899
2015-08-28,506,354405
2015-08-29,359,354764
2015-08-30,386,355150
2015-08-31,660,355810
2015-09-01,807,356617
2015-09-02,787,357404
2015-09-03,855,358259
2015-09-04,675,358934
2015-09-05,315,359249
2015-09-06,397,359646
2015-09-07,594,360240
2015-09-08,704,360944
2015-09-09,713,361657
2015-09-10,733,362390
2015-09-11,607,362997
2015-09-12,451,363448
2015-09-13,481,363929
2015-09-14,698,364627
2015-09-15,748,365375
2015-09-16,711,366086
2015-09-17,628,366714
2015-09-18,667,367381
2015-09-19,494,367875
2015-09-20,505,368380
2015-09-21,753,369133
2015-09-22,699,369832
2015-09-23,695,370527
2015-09-24,679,371206
2015-09-25,613,371819
2015-09-26,417,372236
2015-09-27,416,372652
2015-09-28,585,373237
2015-09-29,684,373921
2015-09-30,662,374583
2015-10-01,606,375189
2015-10-02,581,375770
2015-10-03,403,376173
2015-10-04,491,376664
2015-10-05,771,377435
2015-10-06,835,378270
2015-10-07,795,379065
2015-10-08,804,379869
2015-10-09,691,380560
2015-10-10,504,381064
2015-10-11,516,381580
2015-10-12,760,382340
2015-10-13,849,383189
2015-10-14,835,384024
2015-10-15,703,384727
2015-10-16,662,385389
2015-10-17,412,385801
2015-10-18,489,386290
2015-10-19,798,387088
2015-10-20,715,387803
2015-10-21,759,388562
2015-10-22,710,389272
2015-10-23,634,389906
2015-10-24,450,390356
2015-10-25,510,390866
2015-10-26,817,391683
2015-10-27,762,392445
2015-10-28,902,393347
2015-10-29,748,394095
2015-10-30,683,394778
2015-10-31,420,395198
2015-11-01,512,395710
2015-11-02,728,396438
2015-11-03,739,397177
2015-11-04,800,397977
2015-11-05,825,398802
2015-11-06,697,399499
2015-11-07,547,400046
2015-11-08,520,400566
2015-11-09,786,401352
2015-11-10,755,402107
2015-11-11,652,402759
2015-11-12,808,403567
2015-11-13,679,404246
2015-11-14,458,404704
2015-11-15,487,405191
2015-11-16,690,405881
2015-11-17,741,406622
2015-11-18,764,407386
2015-11-19,759,408145
2015-11-20,625,408770
2015-11-21,416,409186
2015-11-22,505,409691
2015-11-23,690,410381
2015-11-24,758,411139
2015-11-25,751,411890
2015-11-26,679,412569
2015-11-27,554,413123
2015-11-28,472,413595
2015-11-29,554,414149
2015-11-30,788,414937
2015-12-01,810,415747
2015-12-02,778,416525
2015-12-03,708,417233
2015-12-04,621,417854
2015-12-05,454,418308
2015-12-06,484,418792
2015-12-07,717,419509
2015-12-08,747,420256
2015-12-09,673,420929
2015-12-10,548,421477
2015-12-11,575,422052
2015-12-12,413,422465
2015-12-13,436,422901
2015-12-14,707,423608
2015-12-15,693,424301
2015-12-16,668,424969
2015-12-17,602,425571
2015-12-18,515,426086
2015-12-19,423,426509
2015-12-20,407,426916
2015-12-21,574,427490
2015-12-22,520,428010
2015-12-23,498,428508
2015-12-24,383,428891
2015-12-25,269,429160
2015-12-26,299,429459
2015-12-27,301,429760
2015-12-28,520,430280
2015-12-29,573,430853
2015-12-30,480,431333
2015-12-31,332,431665
2016-01-01,254,431919
2016-01-02,327,432246
2016-01-03,364,432610
2016-01-04,571,433181
2016-01-05,667,433848
2016-01-06,617,434465
2016-01-07,635,435100
2016-01-08,583,435683
2016-01-09,409,436092
2016-01-10,409,436501
2016-01-11,624,437125
2016-01-12,706,437831
2016-01-13,739,438570
2016-01-14,680,439250
2016-01-15,660,439910
2016-01-16,479,440389
2016-01-17,499,440888
2016-01-18,683,441571
2016-01-19,793,442364
2016-01-20,839,443203
2016-01-21,984,444187
2016-01-22,760,444947
2016-01-23,525,445472
2016-01-24,554,446026
2016-01-25,818,446844
2016-01-26,814,447658
2016-01-27,882,448540
2016-01-28,840,449380
2016-01-29,823,450203
2016-01-30,655,450858
2016-01-31,743,451601
2016-02-01,788,452389
2016-02-02,839,453228
2016-02-03,794,454022
2016-02-04,808,454830
2016-02-05,820,455650
2016-02-06,581,456231
2016-02-07,617,456848
2016-02-08,797,457645
2016-02-09,908,458553
2016-02-10,920,459473
2016-02-11,885,460358
2016-02-12,731,461089
2016-02-13,501,461590
2016-02-14,483,462073
2016-02-15,989,463062
2016-02-16,899,463961
2016-02-17,878,464839
2016-02-18,930,465769
2016-02-19,749,466518
2016-02-20,587,467105
2016-02-21,601,467706
2016-02-22,949,468655
2016-02-23,877,469532
2016-02-24,907,470439
2016-02-25,912,471351
2016-02-26,810,472161
2016-02-27,568,472729
2016-02-28,607,473336
2016-02-29,859,474195
2016-03-01,955,475150
2016-03-02,852,476002
2016-03-03,1010,477012
2016-03-04,840,477852
2016-03-05,721,478573
2016-03-06,643,479216
2016-03-07,989,480205
2016-03-08,1014,481219
2016-03-09,1030,482249
2016-03-10,971,483220
2016-03-11,913,484133
2016-03-12,673,484806
2016-03-13,673,485479
2016-03-14,1065,486544
2016-03-15,1043,487587
2016-03-16,956,488543
2016-03-17,1000,489543
2016-03-18,840,490383
2016-03-19,644,491027
2016-03-20,593,491620
2016-03-21,998,492618
2016-03-22,1168,493786
2016-03-23,884,494670
2016-03-24,938,495608
2016-03-25,713,496321
2016-03-26,578,496899
2016-03-27,527,497426
2016-03-28,836,498262
2016-03-29,948,499210
2016-03-30,934,500144
2016-03-31,873,501017
2016-04-01,874,501891
2016-04-02,635,502526
2016-04-03,641,503167
2016-04-04,959,504126
2016-04-05,1014,505140
2016-04-06,1017,506157
2016-04-07,964,507121
2016-04-08,868,507989
2016-04-09,619,508608
2016-04-10,636,509244
2016-04-11,922,510166
2016-04-12,1046,511212
2016-04-13,946,512158
2016-04-14,906,513064
2016-04-15,947,514011
2016-04-16,637,514648
2016-04-17,718,515366
2016-04-18,958,516324
2016-04-19,1070,517394
2016-04-20,937,518331
2016-04-21,970,519301
2016-04-22,854,520155
2016-04-23,625,520780
2016-04-24,617,521397
2016-04-25,934,522331
2016-04-26,1033,523364
2016-04-27,914,524278
2016-04-28,847,525125
2016-04-29,768,525893
2016-04-30,627,526520
2016-05-01,609,527129
2016-05-02,786,527915
2016-05-03,914,528829
2016-05-04,918,529747
2016-05-05,768,530515
2016-05-06,772,531287
2016-05-07,541,531828
2016-05-08,581,532409
2016-05-09,950,533359
2016-05-10,994,534353
2016-05-11,896,535249
2016-05-12,929,536178
2016-05-13,813,536991
2016-05-14,568,537559
2016-05-15,543,538102
2016-05-16,789,538891
2016-05-17,1123,540014
2016-05-18,1011,541025
2016-05-19,976,542001
2016-05-20,847,542848
2016-05-21,781,543629
2016-05-22,866,544495
2016-05-23,1720,546215
2016-05-24,1200,547415
2016-05-25,917,548332
2016-05-26,774,549106
2016-05-27,743,549849
2016-05-28,525,550374
2016-05-29,544,550918
2016-05-30,832,551750
2016-05-31,860,552610
2016-06-01,777,553387
2016-06-02,824,554211
2016-06-03,775,554986
2016-06-04,506,555492
2016-06-05,534,556026
2016-06-06,827,556853
2016-06-07,816,557669
2016-06-08,927,558596
2016-06-09,844,559440
2016-06-10,784,560224
2016-06-11,527,560751
2016-06-12,544,561295
2016-06-13,847,562142
2016-06-14,806,562948
2016-06-15,904,563852
2016-06-16,886,564738
2016-06-17,719,565457
2016-06-18,537,565994
2016-06-19,489,566483
2016-06-20,765,567248
2016-06-21,828,568076
2016-06-22,747,568823
2016-06-23,704,569527
2016-06-24,622,570149
2016-06-25,519,570668
2016-06-26,462,571130
2016-06-27,716,571846
2016-06-28,746,572592
2016-06-29,770,573362
2016-06-30,685,574047
2016-07-01,616,574663
2016-07-02,427,575090
2016-07-03,433,575523
2016-07-04,650,576173
2016-07-05,682,576855
2016-07-06,665,577520
2016-07-07,709,578229
2016-07-08,675,578904
2016-07-09,454,579358
2016-07-10,452,579810
2016-07-11,737,580547
2016-07-12,842,581389
2016-07-13,872,582261
2016-07-14,823,583084
2016-07-15,707,583791
2016-07-16,453,584244
2016-07-17,497,584741
2016-07-18,813,585554
2016-07-19,781,586335
2016-07-20,719,587054
2016-07-21,723,587777
2016-07-22,727,588504
2016-07-23,539,589043
2016-07-24,610,589653
2016-07-25,885,590538
2016-07-26,836,591374
2016-07-27,860,592234
2016-07-28,796,593030
2016-07-29,673,593703
2016-07-30,500,594203
2016-07-31,511,594714
2016-08-01,754,595468
2016-08-02,823,596291
2016-08-03,761,597052
2016-08-04,736,597788
2016-08-05,621,598409
2016-08-06,480,598889
2016-08-07,534,599423
2016-08-08,907,600330
2016-08-09,893,601223
2016-08-10,799,602022
2016-08-11,765,602787
2016-08-12,668,603455
2016-08-13,463,603918
2016-08-14,467,604385
2016-08-15,734,605119
2016-08-16,816,605935
2016-08-17,787,606722
2016-08-18,812,607534
2016-08-19,832,608366
2016-08-20,575,608941
2016-08-21,594,609535
2016-08-22,938,610473
2016-08-23,929,611402
2016-08-24,940,612342
2016-08-25,952,613294
2016-08-26,779,614073
2016-08-27,584,614657
2016-08-28,578,615235
2016-08-29,1046,616281
2016-08-30,1081,617362
2016-08-31,1007,618369
2016-09-01,1077,619446
2016-09-02,875,620321
2016-09-03,647,620968
2016-09-04,726,621694
2016-09-05,809,622503
2016-09-06,993,623496
2016-09-07,1066,624562
2016-09-08,980,625542
2016-09-09,923,626465
2016-09-10,735,627200
2016-09-11,711,627911
2016-09-12,1073,628984
2016-09-13,1050,630034
2016-09-14,1246,631280
2016-09-15,1073,632353
2016-09-16,935,633288
2016-09-17,769,634057
2016-09-18,818,634875
2016-09-19,1211,636086
2016-09-20,1240,637326
2016-09-21,1214,638540
2016-09-22,1275,639815
2016-09-23,1216,641031
2016-09-24,843,641874
2016-09-25,856,642730
2016-09-26,1380,644110
2016-09-27,1387,645497
2016-09-28,1308,646805
2016-09-29,1288,648093
2016-09-30,1190,649283
2016-10-01,739,650022
2016-10-02,758,650780
2016-10-03,1185,651965
2016-10-04,1347,653312
2016-10-05,1347,654659
2016-10-06,1515,656174
2016-10-07,1240,657414
2016-10-08,974,658388
2016-10-09,987,659375
2016-10-10,1319,660694
2016-10-11,1360,662054
2016-10-12,1443,663497
2016-10-13,1363,664860
2016-10-14,1078,665938
2016-10-15,875,666813
2016-10-16,941,667754
2016-10-17,1401,669155
2016-10-18,1463,670618
2016-10-19,1300,671918
2016-10-20,1374,673292
2016-10-21,1118,674410
2016-10-22,814,675224
2016-10-23,836,676060
2016-10-24,1367,677427
2016-10-25,1362,678789
2016-10-26,1379,680168
2016-10-27,1327,681495
2016-10-28,1123,682618
2016-10-29,808,683426
2016-10-30,844,684270
2016-10-31,1255,685525
2016-11-01,1266,686791
2016-11-02,1462,688253
2016-11-03,1487,689740
2016-11-04,1221,690961
2016-11-05,917,691878
2016-11-06,902,692780
2016-11-07,1432,694212
2016-11-08,1453,695665
2016-11-09,1186,696851
2016-11-10,1371,698222
2016-11-11,1247,699469
2016-11-12,1014,700483
2016-11-13,956,701439
2016-11-14,1575,703014
2016-11-15,1753,704767
2016-11-16,1734,706501
2016-11-17,1614,708115
2016-11-18,1402,709517
2016-11-19,982,710499
2016-11-20,963,711462
2016-11-21,1470,712932
2016-11-22,1571,714503
2016-11-23,1377,715880
2016-11-24,1192,717072
2016-11-25,1043,718115
2016-11-26,881,718996
2016-11-27,955,719951
2016-11-28,1592,721543
2016-11-29,1626,723169
2016-11-30,1555,724724
2016-12-01,1620,726344
2016-12-02,1424,727768
2016-12-03,981,728749
2016-12-04,1028,729777
2016-12-05,1511,731288
2016-12-06,1494,732782
2016-12-07,1407,734189
2016-12-08,1369,735558
2016-12-09,1211,736769
2016-12-10,857,737626
2016-12-11,900,738526
2016-12-12,1264,739790
2016-12-13,1312,741102
2016-12-14,1189,742291
2016-12-15,1128,743419
2016-12-16,1011,744430
2016-12-17,747,745177
2016-12-18,776,745953
2016-12-19,1125,747078
2016-12-20,1142,748220
2016-12-21,1002,749222
2016-12-22,967,750189
2016-12-23,746,750935
2016-12-24,594,751529
2016-12-25,569,752098
2016-12-26,742,752840
2016-12-27,943,753783
2016-12-28,932,754715
2016-12-29,948,755663
2016-12-30,782,756445
2016-12-31,449,756894
2017-01-01,495,757389
2017-01-02,817,758206
2017-01-03,1003,759209
2017-01-04,1078,760287
2017-01-05,1087,761374
2017-01-06,976,762350
2017-01-07,838,763188
2017-01-08,784,763972
2017-01-09,1110,765082
2017-01-10,1330,766412
2017-01-11,1244,767656
2017-01-12,1340,768996
2017-01-13,1387,770383
2017-01-14,879,771262
2017-01-15,968,772230
2017-01-16,1399,773629
2017-01-17,1354,774983
2017-01-18,1404,776387
2017-01-19,1409,777796
2017-01-20,1191,778987
2017-01-21,1018,780005
2017-01-22,1118,781123
2017-01-23,1487,782610
2017-01-24,1698,784308
2017-01-25,1586,785894
2017-01-26,1460,787354
2017-01-27,1134,788488
2017-01-28,871,789359
2017-01-29,943,790302
2017-01-30,1405,791707
2017-01-31,1425,793132
2017-02-01,1439,794571
2017-02-02,1521,796092
2017-02-03,1443,797535
2017-02-04,1046,798581
2017-02-05,1190,799771
2017-02-06,1491,801262
2017-02-07,1638,802900
2017-02-08,1600,804500
2017-02-09,1520,806020
2017-02-10,1312,807332
2017-02-11,1041,808373
2017-02-12,1091,809464
2017-02-13,1465,810929
2017-02-14,1465,812394
2017-02-15,1432,813826
2017-02-16,1718,815544
2017-02-17,1456,817000
2017-02-18,1115,818115
2017-02-19,1136,819251
2017-02-20,1625,820876
2017-02-21,1840,822716
2017-02-22,1767,824483
2017-02-23,1605,826088
2017-02-24,1376,827464
2017-02-25,1014,828478
2017-02-26,1162,829640
2017-02-27,1676,831316
2017-02-28,1780,833096
2017-03-01,1626,834722
2017-03-02,1907,836629
2017-03-03,1490,838119
2017-03-04,1083,839202
2017-03-05,1208,840410
2017-03-06,1702,842112
2017-03-07,1720,843832
2017-03-08,3367,847199
2017-03-09,3903,851102
2017-03-10,2594,853696
2017-03-11,1510,855206
2017-03-12,1528,856734
2017-03-13,2155,858889
2017-03-14,2046,860935
2017-03-15,2072,863007
2017-03-16,1988,864995
2017-03-17,1703,866698
2017-03-18,1373,868071
2017-03-19,1247,869318
2017-03-20,1925,871243
2017-03-21,2064,873307
2017-03-22,1889,875196
2017-03-23,1792,876988
2017-03-24,1647,878635
2017-03-25,1279,879914
2017-03-26,1214,881128
2017-03-27,1848,882976
2017-03-28,1967,884943
2017-03-29,2047,886990
2017-03-30,1919,888909
2017-03-31,1788,890697
2017-04-01,1299,891996
2017-04-02,1203,893199
2017-04-03,1711,894910
2017-04-04,1834,896744
2017-04-05,1909,898653
2017-04-06,1880,900533
2017-04-07,1602,902135
2017-04-08,1232,903367
2017-04-09,1238,904605
2017-04-10,1860,906465
2017-04-11,1933,908398
2017-04-12,1820,910218
2017-04-13,1766,911984
2017-04-14,1307,913291
2017-04-15,1159,914450
2017-04-16,1086,915536
2017-04-17,1751,917287
2017-04-18,1914,919201
2017-04-19,1976,921177
2017-04-20,1924,923101
2017-04-21,1622,924723
2017-04-22,1184,925907
2017-04-23,1247,927154
2017-04-24,1814,928968
2017-04-25,1860,930828
2017-04-26,1698,932526
2017-04-27,1634,934160
2017-04-28,1431,935591
2017-04-29,1156,936747
2017-04-30,1240,937987
2017-05-01,1541,939528
2017-05-02,1896,941424
2017-05-03,1684,943108
2017-05-04,1772,944880
2017-05-05,1493,946373
2017-05-06,1159,947532
2017-05-07,1152,948684
2017-05-08,1737,950421
2017-05-09,1828,952249
2017-05-10,1737,953986
2017-05-11,1617,955603
2017-05-12,1535,957138
2017-05-13,1062,958200
2017-05-14,1198,959398
2017-05-15,1713,961111
2017-05-16,1656,962767
2017-05-17,1653,964420
2017-05-18,1581,966001
2017-05-19,1363,967364
2017-05-20,1050,968414
2017-05-21,1081,969495
2017-05-22,1754,971249
2017-05-23,1703,972952
2017-05-24,1753,974705
2017-05-25,1953,976658
2017-05-26,1671,978329
2017-05-27,1181,979510
2017-05-28,1136,980646
2017-05-29,1485,982131
2017-05-30,1687,983818
2017-05-31,1787,985605
2017-06-01,1739,987344
2017-06-02,1553,988897
2017-06-03,1077,989974
2017-06-04,1137,991111
2017-06-05,1755,992866
2017-06-06,1723,994589
2017-06-07,1759,996348
2017-06-08,1683,998031
2017-06-09,1554,999585
2017-06-10,1137,1000722
2017-06-11,1156,1001878
2017-06-12,1626,1003504
2017-06-13,1628,1005132
2017-06-14,1647,1006779
2017-06-15,1483,1008262
2017-06-16,1446,1009708
2017-06-17,964,1010672
2017-06-18,971,1011643
2017-06-19,1511,1013154
2017-06-20,1455,1014609
2017-06-21,1469,1016078
2017-06-22,1430,1017508
2017-06-23,1340,1018848
2017-06-24,1067,1019915
2017-06-25,950,1020865
2017-06-26,1432,1022297
2017-06-27,1556,1023853
2017-06-28,1538,1025391
2017-06-29,1451,1026842
2017-06-30,1298,1028140
2017-07-01,860,1029000
2017-07-02,888,1029888
2017-07-03,1432,1031320
2017-07-04,1465,1032785
2017-07-05,1514,1034299
2017-07-06,1521,1035820
2017-07-07,1294,1037114
2017-07-08,1051,1038165
2017-07-09,974,1039139
2017-07-10,1499,1040638
2017-07-11,1520,1042158
2017-07-12,1566,1043724
2017-07-13,1608,1045332
2017-07-14,1347,1046679
2017-07-15,1028,1047707
2017-07-16,963,1048670
2017-07-17,1586,1050256
2017-07-18,1534,1051790
2017-07-19,1633,1053423
2017-07-20,1518,1054941
2017-07-21,1403,1056344
2017-07-22,1051,1057395
2017-07-23,950,1058345
2017-07-24,1569,1059914
2017-07-25,1663,1061577
2017-07-26,1510,1063087
2017-07-27,1351,1064438
2017-07-28,1516,1065954
2017-07-29,1199,1067153
2017-07-30,1053,1068206
2017-07-31,1364,1069570
2017-08-01,1666,1071236
2017-08-02,1771,1073007
2017-08-03,1572,1074579
2017-08-04,1456,1076035
2017-08-05,1062,1077097
2017-08-06,1025,1078122
2017-08-07,1438,1079560
2017-08-08,1473,1081033
2017-08-09,1401,1082434
2017-08-10,1467,1083901
2017-08-11,1304,1085205
2017-08-12,1008,1086213
2017-08-13,1024,1087237
2017-08-14,1470,1088707
2017-08-15,1468,1090175
2017-08-16,1473,1091648
2017-08-17,1551,1093199
2017-08-18,1429,1094628
2017-08-19,1018,1095646
2017-08-20,1167,1096813
2017-08-21,1634,1098447
2017-08-22,1769,1100216
2017-08-23,1733,1101949
2017-08-24,1676,1103625
2017-08-25,1381,1105006
2017-08-26,1087,1106093
2017-08-27,1093,1107186
2017-08-28,1558,1108744
2017-08-29,1688,1110432
2017-08-30,1638,1112070
2017-08-31,1641,1113711
2017-09-01,1409,1115120
2017-09-02,1094,1116214
2017-09-03,1115,1117329
2017-09-04,1630,1118959
2017-09-05,1844,1120803
2017-09-06,1911,1122714
2017-09-07,1997,1124711
2017-09-08,1741,1126452
2017-09-09,1262,1127714
2017-09-10,1354,1129068
2017-09-11,2025,1131093
2017-09-12,2134,1133227
2017-09-13,2050,1135277
2017-09-14,2074,1137351
2017-09-15,1964,1139315
2017-09-16,1488,1140803
2017-09-17,1691,1142494
2017-09-18,2297,1144791
2017-09-19,2368,1147159
2017-09-20,2013,1149172
2017-09-21,2132,1151304
2017-09-22,1891,1153195
2017-09-23,1755,1154950
2017-09-24,1552,1156502
2017-09-25,2477,1158979
2017-09-26,2463,1161442
2017-09-27,2494,1163936
2017-09-28,2314,1166250
2017-09-29,2092,1168342
2017-09-30,1704,1170046
2017-10-01,1498,1171544
2017-10-02,2396,1173940
2017-10-03,2528,1176468
2017-10-04,2260,1178728
2017-10-05,2360,1181088
2017-10-06,2025,1183113
2017-10-07,1572,1184685
2017-10-08,1651,1186336
2017-10-09,2394,1188730
2017-10-10,2462,1191192
2017-10-11,2474,1193666
2017-10-12,2482,1196148
2017-10-13,2107,1198255
2017-10-14,1533,1199788
2017-10-15,1591,1201379
2017-10-16,2353,1203732
2017-10-17,2376,1206108
2017-10-18,2247,1208355
2017-10-19,2136,1210491
2017-10-20,2132,1212623
2017-10-21,1615,1214238
2017-10-22,1829,1216067
2017-10-23,2522,1218589
2017-10-24,2643,1221232
2017-10-25,2448,1223680
2017-10-26,2650,1226330
2017-10-27,2216,1228546
2017-10-28,2097,1230643
2017-10-29,3479,1234122
2017-10-30,3454,1237576
2017-10-31,3252,1240828
2017-11-01,2871,1243699
2017-11-02,2944,1246643
2017-11-03,2421,1249064
2017-11-04,1842,1250906
2017-11-05,2057,1252963
2017-11-06,2806,1255769
2017-11-07,3039,1258808
2017-11-08,2891,1261699
2017-11-09,2671,1264370
2017-11-10,2352,1266722
2017-11-11,1795,1268517
2017-11-12,2038,1270555
2017-11-13,2951,1273506
2017-11-14,2945,1276451
2017-11-15,2751,1279202
2017-11-16,2997,1282199
2017-11-17,2515,1284714
2017-11-18,1765,1286479
2017-11-19,2036,1288515
2017-11-20,2881,1291396
2017-11-21,2869,1294265
2017-11-22,2590,1296855
2017-11-23,2363,1299218
2017-11-24,1912,1301130
2017-11-25,1689,1302819
2017-11-26,2012,1304831
2017-11-27,2996,1307827
2017-11-28,3202,1311029
2017-11-29,3107,1314136
2017-11-30,3076,1317212
2017-12-01,2524,1319736
2017-12-02,1991,1321727
2017-12-03,2057,1323784
2017-12-04,2962,1326746
2017-12-05,2774,1329520
2017-12-06,2717,1332237
2017-12-07,2560,1334797
2017-12-08,2307,1337104
2017-12-09,1835,1338939
2017-12-10,1895,1340834
2017-12-11,2547,1343381
2017-12-12,2497,1345878
2017-12-13,2248,1348126
2017-12-14,2057,1350183
2017-12-15,1842,1352025
2017-12-16,1448,1353473
2017-12-17,1409,1354882
2017-12-18,2088,1356970
2017-12-19,2055,1359025
2017-12-20,1948,1360973
2017-12-21,1796,1362769
2017-12-22,1485,1364254
2017-12-23,1087,1365341
2017-12-24,991,1366332
2017-12-25,1136,1367468
2017-12-26,1433,1368901
2017-12-27,1648,1370549
2017-12-28,1391,1371940
2017-12-29,1468,1373408
2017-12-30,1086,1374494
2017-12-31,931,1375425
2018-01-01,917,1376342
2018-01-02,1830,1378172
2018-01-03,1808,1379980
2018-01-04,1873,1381853
2018-01-05,1736,1383589
2018-01-06,1424,1385013
2018-01-07,1425,1386438
2018-01-08,1999,1388437
2018-01-09,2183,1390620
2018-01-10,2344,1392964
2018-01-11,2360,1395324
2018-01-12,2234,1397558
2018-01-13,1705,1399263
2018-01-14,1665,1400928
2018-01-15,2462,1403390
2018-01-16,2655,1406045
2018-01-17,3252,1409297
2018-01-18,3000,1412297
2018-01-19,2641,1414938
2018-01-20,1923,1416861
2018-01-21,1997,1418858
2018-01-22,2799,1421657
2018-01-23,3054,1424711
2018-01-24,3101,1427812
2018-01-25,2676,1430488
2018-01-26,2413,1432901
2018-01-27,1919,1434820
2018-01-28,2083,1436903
2018-01-29,2962,1439865
2018-01-30,3261,1443126
2018-01-31,3079,1446205
2018-02-01,2982,1449187
2018-02-02,2602,1451789
2018-02-03,2004,1453793
2018-02-04,2026,1455819
2018-02-05,2984,1458803
2018-02-06,2994,1461797
2018-02-07,2938,1464735
2018-02-08,3097,1467832
2018-02-09,2638,1470470
2018-02-10,2029,1472499
2018-02-11,2103,1474602
2018-02-12,3113,1477715
2018-02-13,3060,1480775
2018-02-14,2682,1483457
2018-02-15,2686,1486143
2018-02-16,2428,1488571
2018-02-17,1821,1490392
2018-02-18,1948,1492340
2018-02-19,2865,1495205
2018-02-20,2938,1498143
2018-02-21,2992,1501135
2018-02-22,2976,1504111
2018-02-23,2891,1507002
2018-02-24,2165,1509167
2018-02-25,2240,1511407
2018-02-26,3190,1514597
2018-02-27,3316,1517913
2018-02-28,3372,1521285
2018-03-01,3245,1524530
2018-03-02,2882,1527412
2018-03-03,2476,1529888
2018-03-04,2116,1532004
2018-03-05,3298,1535302
2018-03-06,3724,1539026
2018-03-07,3629,1542655
2018-03-08,3238,1545893
2018-03-09,2871,1548764
2018-03-10,2213,1550977
2018-03-11,2478,1553455
2018-03-12,3391,1556846
2018-03-13,3611,1560457
2018-03-14,3247,1563704
2018-03-15,3094,1566798
2018-03-16,2544,1569342
2018-03-17,2063,1571405
2018-03-18,2185,1573590
2018-03-19,3371,1576961
2018-03-20,3564,1580525
2018-03-21,3611,1584136
2018-03-22,3460,1587596
2018-03-23,3190,1590786
2018-03-24,2271,1593057
2018-03-25,2514,1595571
2018-03-26,3675,1599246
2018-03-27,3539,1602785
2018-03-28,3289,1606074
2018-03-29,3064,1609138
2018-03-30,2592,1611730
2018-03-31,2281,1614011
2018-04-01,2154,1616165
2018-04-02,3039,1619204
2018-04-03,3347,1622551
2018-04-04,3300,1625851
2018-04-05,3203,1629054
2018-04-06,2736,1631790
2018-04-07,2187,1633977
2018-04-08,2356,1636333
2018-04-09,3479,1639812
2018-04-10,3878,1643690
2018-04-11,3641,1647331
2018-04-12,3491,1650822
2018-04-13,2839,1653661
2018-04-14,2305,1655966
2018-04-15,2389,1658355
2018-04-16,3339,1661694
2018-04-17,3591,1665285
2018-04-18,3601,1668886
2018-04-19,3324,1672210
2018-04-20,2813,1675023
2018-04-21,2322,1677345
2018-04-22,2316,1679661
2018-04-23,3715,1683376
2018-04-24,3405,1686781
2018-04-25,3197,1689978
2018-04-26,3166,1693144
2018-04-27,2539,1695683
2018-04-28,2144,1697827
2018-04-29,2149,1699976
2018-04-30,2831,1702807
2018-05-01,2885,1705692
2018-05-02,3304,1708996
2018-05-03,3099,1712095
2018-05-04,2546,1714641
2018-05-05,2103,1716744
2018-05-06,1984,1718728
2018-05-07,3000,1721728
2018-05-08,3375,1725103
2018-05-09,2967,1728070
2018-05-10,2935,1731005
2018-05-11,2721,1733726
2018-05-12,1980,1735706
2018-05-13,1912,1737618
2018-05-14,2999,1740617
2018-05-15,3184,1743801
2018-05-16,2914,1746715
2018-05-17,2982,1749697
2018-05-18,2664,1752361
2018-05-19,1905,1754266
2018-05-20,1823,1756089
2018-05-21,2615,1758704
2018-05-22,2935,1761639
2018-05-23,2879,1764518
2018-05-24,2678,1767196
2018-05-25,2414,1769610
2018-05-26,1768,1771378
2018-05-27,1638,1773016
2018-05-28,2498,1775514
2018-05-29,2544,1778058
2018-05-30,2609,1780667
2018-05-31,2448,1783115
2018-06-01,2243,1785358
2018-06-02,1737,1787095
2018-06-03,1794,1788889
2018-06-04,2588,1791477
2018-06-05,2661,1794138
2018-06-06,2714,1796852
2018-06-07,2453,1799305
2018-06-08,2491,1801796
2018-06-09,1788,1803584
2018-06-10,1678,1805262
2018-06-11,3566,1808828
2018-06-12,3275,1812103
2018-06-13,2543,1814646
2018-06-14,2572,1817218
2018-06-15,2206,1819424
2018-06-16,1601,1821025
2018-06-17,1556,1822581
2018-06-18,2133,1824714
2018-06-19,2596,1827310
2018-06-20,2673,1829983
2018-06-21,2590,1832573
2018-06-22,2217,1834790
2018-06-23,1792,1836582
2018-06-24,1600,1838182
2018-06-25,2632,1840814
2018-06-26,2726,1843540
2018-06-27,2483,1846023
2018-06-28,2500,1848523
2018-06-29,2197,1850720
2018-06-30,1717,1852437
2018-07-01,1765,1854202
2018-07-02,2580,1856782
2018-07-03,2785,1859567
2018-07-04,2949,1862516
2018-07-05,2613,1865129
2018-07-06,2448,1867577
2018-07-07,1769,1869346
2018-07-08,1770,1871116
2018-07-09,2886,1874002
2018-07-10,2910,1876912
2018-07-11,2580,1879492
2018-07-12,2689,1882181
2018-07-13,2484,1884665
2018-07-14,1853,1886518
2018-07-15,1559,1888077
2018-07-16,2427,1890504
2018-07-17,2796,1893300
2018-07-18,2826,1896126
2018-07-19,2780,1898906
2018-07-20,2503,1901409
2018-07-21,1944,1903353
2018-07-22,1824,1905177
2018-07-23,2787,1907964
2018-07-24,3393,1911357
2018-07-25,2885,1914242
2018-07-26,2787,1917029
2018-07-27,2556,1919585
2018-07-28,1854,1921439
2018-07-29,1879,1923318
2018-07-30,2724,1926042
2018-07-31,3212,1929254
2018-08-01,2754,1932008
2018-08-02,2819,1934827
2018-08-03,2412,1937239
2018-08-04,1936,1939175
2018-08-05,1887,1941062
2018-08-06,2849,1943911
2018-08-07,2924,1946835
2018-08-08,2886,1949721
2018-08-09,2630,1952351
2018-08-10,2396,1954747
2018-08-11,1974,1956721
2018-08-12,1961,1958682
2018-08-13,2676,1961358
2018-08-14,2841,1964199
2018-08-15,2560,1966759
2018-08-16,2586,1969345
2018-08-17,2447,1971792
2018-08-18,1873,1973665
2018-08-19,1850,1975515
2018-08-20,2592,1978107
2018-08-21,2847,1980954
2018-08-22,2715,1983669
2018-08-23,2796,1986465
2018-08-24,2642,1989107
2018-08-25,1845,1990952
2018-08-26,1669,1992621
2018-08-27,2806,1995427
2018-08-28,3254,1998681
2018-08-29,3115,2001796
2018-08-30,3012,2004808
2018-08-31,2696,2007504
2018-09-01,2234,2009738
2018-09-02,2017,2011755
2018-09-03,3186,2014941
2018-09-04,3692,2018633
2018-09-05,3764,2022397
2018-09-06,4097,2026494
2018-09-07,3579,2030073
2018-09-08,2541,2032614
2018-09-09,2491,2035105
2018-09-10,3893,2038998
2018-09-11,3888,2042886
2018-09-12,3946,2046832
2018-09-13,3504,2050336
2018-09-14,3316,2053652
2018-09-15,2547,2056199
2018-09-16,2610,2058809
2018-09-17,3737,2062546
2018-09-18,4123,2066669
2018-09-19,4124,2070793
2018-09-20,3874,2074667
2018-09-21,3458,2078125
2018-09-22,2714,2080839
2018-09-23,2469,2083308
2018-09-24,3491,2086799
2018-09-25,4019,2090818
2018-09-26,4299,2095117
2018-09-27,3990,2099107
2018-09-28,3501,2102608
2018-09-29,2749,2105357
2018-09-30,2656,2108013
2018-10-01,3867,2111880
2018-10-02,3903,2115783
2018-10-03,4131,2119914
2018-10-04,4104,2124018
2018-10-05,3644,2127662
2018-10-06,2767,2130429
2018-10-07,2894,2133323
2018-10-08,4515,2137838
2018-10-09,4601,2142439
2018-10-10,4544,2146983
2018-10-11,4285,2151268
2018-10-12,3852,2155120
2018-10-13,2871,2157991
2018-10-14,2857,2160848
2018-10-15,4061,2164909
2018-10-16,4159,2169068
2018-10-17,4290,2173358
2018-10-18,3955,2177313
2018-10-19,3713,2181026
2018-10-20,2716,2183742
2018-10-21,2963,2186705
2018-10-22,4282,2190987
2018-10-23,4514,2195501
2018-10-24,4567,2200068
2018-10-25,4667,2204735
2018-10-26,4204,2208939
2018-10-27,3227,2212166
2018-10-28,3157,2215323
2018-10-29,4624,2219947
2018-10-30,5000,2224947
2018-10-31,4448,2229395
2018-11-01,3880,2233275
2018-11-02,3517,2236792
2018-11-03,2714,2239506
2018-11-04,2935,2242441
2018-11-05,4619,2247060
2018-11-06,4230,2251290
2018-11-07,4352,2255642
2018-11-08,4668,2260310
2018-11-09,4943,2265253
2018-11-10,3832,2269085
2018-11-11,3976,2273061
2018-11-12,5048,2278109
2018-11-13,4947,2283056
2018-11-14,4668,2287724
2018-11-15,4590,2292314
2018-11-16,3783,2296097
2018-11-17,3131,2299228
2018-11-18,3358,2302586
2018-11-19,4688,2307274
2018-11-20,4420,2311694
2018-11-21,4141,2315835
2018-11-22,3708,2319543
2018-11-23,3100,2322643
2018-11-24,2868,2325511
2018-11-25,3019,2328530
2018-11-26,4682,2333212
2018-11-27,4664,2337876
2018-11-28,4743,2342619
2018-11-29,4235,2346854
2018-11-30,3752,2350606
2018-12-01,3040,2353646
2018-12-02,3010,2356656
2018-12-03,4499,2361155
2018-12-04,4485,2365640
2018-12-05,4313,2369953
2018-12-06,4001,2373954
2018-12-07,3395,2377349
2018-12-08,2594,2379943
2018-12-09,2756,2382699
2018-12-10,3774,2386473
2018-12-11,3639,2390112
2018-12-12,3416,2393528
2018-12-13,3488,2397016
2018-12-14,3345,2400361
2018-12-15,2481,2402842
2018-12-16,2587,2405429
2018-12-17,3560,2408989
2018-12-18,3448,2412437
2018-12-19,3452,2415889
2018-12-20,3156,2419045
2018-12-21,2842,2421887
2018-12-22,2073,2423960
2018-12-23,2126,2426086
2018-12-24,2312,2428398
2018-12-25,2056,2430454
2018-12-26,2479,2432933
2018-12-27,2723,2435656
2018-12-28,2494,2438150
2018-12-29,1966,2440116
2018-12-30,1729,2441845
2018-12-31,1655,2443500
2019-01-01,1633,2445133
2019-01-02,3041,2448174
2019-01-03,3174,2451348
2019-01-04,2888,2454236
2019-01-05,2463,2456699
2019-01-06,2264,2458963
2019-01-07,3439,2462402
2019-01-08,3593,2465995
2019-01-09,3543,2469538
2019-01-10,3323,2472861
2019-01-11,2940,2475801
2019-01-12,2297,2478098
2019-01-13,2347,2480445
2019-01-14,3480,2483925
2019-01-15,3507,2487432
2019-01-16,3627,2491059
2019-01-17,3534,2494593
2019-01-18,3094,2497687
2019-01-19,2502,2500189
2019-01-20,2737,2502926
2019-01-21,3773,2506699
2019-01-22,3869,2510568
2019-01-23,3903,2514471
2019-01-24,4017,2518488
2019-01-25,3581,2522069
2019-01-26,2756,2524825
2019-01-27,2649,2527474
2019-01-28,3802,2531276
2019-01-29,4089,2535365
2019-01-30,3948,2539313
2019-01-31,3942,2543255
2019-02-01,3646,2546901
2019-02-02,2891,2549792
2019-02-03,2604,2552396
2019-02-04,3275,2555671
2019-02-05,3553,2559224
2019-02-06,3480,2562704
2019-02-07,3656,2566360
2019-02-08,3425,2569785
2019-02-09,2912,2572697
2019-02-10,2742,2575439
2019-02-11,4117,2579556
2019-02-12,4290,2583846
2019-02-13,4174,2588020
2019-02-14,4026,2592046
2019-02-15,3514,2595560
2019-02-16,3060,2598620
2019-02-17,2998,2601618
2019-02-18,4359,2605977
2019-02-19,4609,2610586
2019-02-20,4432,2615018
2019-02-21,4400,2619418
2019-02-22,3017,2622435
2019-02-23,3168,2625603
2019-02-24,3486,2629089
2019-02-25,4654,2633743
2019-02-26,5219,2638962
2019-02-27,4841,2643803
2019-02-28,4786,2648589
2019-03-01,3775,2652364
2019-03-02,3279,2655643
2019-03-03,3434,2659077
2019-03-04,4655,2663732
2019-03-05,4837,2668569
2019-03-06,4688,2673257
2019-03-07,4658,2677915
2019-03-08,3971,2681886
2019-03-09,3342,2685228
2019-03-10,3525,2688753
2019-03-11,4831,2693584
2019-03-12,5203,2698787
2019-03-13,4567,2703354
2019-03-14,4856,2708210
2019-03-15,4156,2712366
2019-03-16,3387,2715753
2019-03-17,3594,2719347
2019-03-18,5189,2724536
2019-03-19,5058,2729594
2019-03-20,5036,2734630
2019-03-21,4470,2739100
2019-03-22,4007,2743107
2019-03-23,3183,2746290
2019-03-24,3075,2749365
2019-03-25,4769,2754134
2019-03-26,4905,2759039
2019-03-27,5320,2764359
2019-03-28,4686,2769045
2019-03-29,4161,2773206
2019-03-30,3554,2776760
2019-03-31,3196,2779956
2019-04-01,4974,2784930
2019-04-02,5114,2790044
2019-04-03,4993,2795037
2019-04-04,4935,2799972
2019-04-05,4093,2804065
2019-04-06,3265,2807330
2019-04-07,3520,2810850
2019-04-08,5242,2816092
2019-04-09,5452,2821544
2019-04-10,5317,2826861
2019-04-11,4995,2831856
2019-04-12,4380,2836236
2019-04-13,3513,2839749
2019-04-14,3586,2843335
2019-04-15,4824,2848159
2019-04-16,5695,2853854
2019-04-17,4586,2858440
2019-04-18,4381,2862821
2019-04-19,3634,2866455
2019-04-20,3186,2869641
2019-04-21,3305,2872946
2019-04-22,4537,2877483
2019-04-23,4700,2882183
2019-04-24,4467,2886650
2019-04-25,4277,2890927
2019-04-26,3305,2894232
2019-04-27,2922,2897154
2019-04-28,3117,2900271
2019-04-29,4585,2904856
2019-04-30,4834,2909690
2019-05-01,3939,2913629
2019-05-02,4268,2917897
2019-05-03,3910,2921807
2019-05-04,3169,2924976
2019-05-05,3325,2928301
2019-05-06,4231,2932532
2019-05-07,4526,2937058
2019-05-08,4346,2941404
2019-05-09,4227,2945631
2019-05-10,3642,2949273
2019-05-11,2912,2952185
2019-05-12,2894,2955079
2019-05-13,4140,2959219
2019-05-14,4517,2963736
2019-05-15,4201,2967937
2019-05-16,4250,2972187
2019-05-17,3797,2975984
2019-05-18,3182,2979166
2019-05-19,2937,2982103
2019-05-20,4271,2986374
2019-05-21,4640,2991014
2019-05-22,4306,2995320
2019-05-23,3913,2999233
2019-05-24,3565,3002798
2019-05-25,2784,3005582
2019-05-26,2875,3008457
2019-05-27,4059,3012516
2019-05-28,4326,3016842
2019-05-29,4241,3021083
2019-05-30,4075,3025158
2019-05-31,3407,3028565
2019-06-01,2597,3031162
2019-06-02,2634,3033796
2019-06-03,4183,3037979
2019-06-04,4080,3042059
2019-06-05,3830,3045889
2019-06-06,3569,3049458
2019-06-07,3284,3052742
2019-06-08,2520,3055262
2019-06-09,2652,3057914
2019-06-10,3681,3061595
2019-06-11,4177,3065772
2019-06-12,3920,3069692
2019-06-13,3842,3073534
2019-06-14,3457,3076991
2019-06-15,2636,3079627
2019-06-16,2469,3082096
2019-06-17,3760,3085856
2019-06-18,4321,3090177
2019-06-19,4131,3094308
2019-06-20,4023,3098331
2019-06-21,3443,3101774
2019-06-22,2639,3104413
2019-06-23,2684,3107097
2019-06-24,4049,3111146
2019-06-25,4271,3115417
2019-06-26,4128,3119545
2019-06-27,3374,3122919
2019-06-28,3396,3126315
2019-06-29,2580,3128895
2019-06-30,2454,3131349
2019-07-01,3998,3135347
2019-07-02,4337,3139684
2019-07-03,4082,3143766
2019-07-04,3402,3147168
2019-07-05,3127,3150295
2019-07-06,2210,3152505
2019-07-07,2339,3154844
2019-07-08,3752,3158596
2019-07-09,3781,3162377
2019-07-10,3805,3166182
2019-07-11,3713,3169895
2019-07-12,3269,3173164
2019-07-13,2443,3175607
2019-07-14,2253,3177860
2019-07-15,3563,3181423
2019-07-16,4274,3185697
2019-07-17,3952,3189649
2019-07-18,3803,3193452
2019-07-19,3342,3196794
2019-07-20,2525,3199319
2019-07-21,2544,3201863
2019-07-22,4071,3205934
2019-07-23,4268,3210202
2019-07-24,3847,3214049
2019-07-25,3811,3217860
2019-07-26,3333,3221193
2019-07-27,2361,3223554
2019-07-28,2485,3226039
2019-07-29,3877,3229916
2019-07-30,3950,3233866
2019-07-31,3807,3237673
2019-08-01,3538,3241211
2019-08-02,3156,3244367
2019-08-03,2360,3246727
2019-08-04,2313,3249040
2019-08-05,3622,3252662
2019-08-06,3965,3256627
2019-08-07,3383,3260010
2019-08-08,3489,3263499
2019-08-09,3170,3266669
2019-08-10,2364,3269033
2019-08-11,2193,3271226
2019-08-12,3300,3274526
2019-08-13,3652,3278178
2019-08-14,3345,3281523
2019-08-15,3055,3284578
2019-08-16,3241,3287819
2019-08-17,2537,3290356
2019-08-18,2409,3292765
2019-08-19,3746,3296511
2019-08-20,3796,3300307
2019-08-21,3886,3304193
2019-08-22,3888,3308081
2019-08-23,3331,3311412
2019-08-24,2553,3313965
2019-08-25,2602,3316567
2019-08-26,3895,3320462
2019-08-27,4349,3324811
2019-08-28,4103,3328914
2019-08-29,3982,3332896
2019-08-30,3605,3336501
2019-08-31,2816,3339317
2019-09-01,2701,3342018
2019-09-02,3584,3345602
2019-09-03,4828,3350430
2019-09-04,4467,3354897
2019-09-05,4359,3359256
2019-09-06,3748,3363004
2019-09-07,3039,3366043
2019-09-08,3079,3369122
2019-09-09,4742,3373864
2019-09-10,4956,3378820
2019-09-11,4481,3383301
2019-09-12,4527,3387828
2019-09-13,3900,3391728
2019-09-14,3325,3395053
2019-09-15,3233,3398286
2019-09-16,5137,3403423
2019-09-17,5232,3408655
2019-09-18,5344,3413999
2019-09-19,5049,3419048
2019-09-20,4483,3423531
2019-09-21,3293,3426824
2019-09-22,3310,3430134
2019-09-23,4850,3434984
2019-09-24,5117,3440101
2019-09-25,4990,3445091
2019-09-26,4731,3449822
2019-09-27,4408,3454230
2019-09-28,3243,3457473
2019-09-29,3334,3460807
2019-09-30,4910,3465717
2019-10-01,4935,3470652
2019-10-02,4638,3475290
2019-10-03,4615,3479905
2019-10-04,4128,3484033
2019-10-05,3274,3487307
2019-10-06,3399,3490706
2019-10-07,4803,3495509
2019-10-08,5301,3500810
2019-10-09,5293,3506103
2019-10-10,5350,3511453
2019-10-11,4419,3515872
2019-10-12,3507,3519379
2019-10-13,3530,3522909
2019-10-14,5483,3528392
2019-10-15,5913,3534305
2019-10-16,6543,3540848
2019-10-17,6337,3547185
2019-10-18,5284,3552469
2019-10-19,4814,3557283
2019-10-20,4698,3561981
2019-10-21,6107,3568088
2019-10-22,6543,3574631
2019-10-23,6321,3580952
2019-10-24,6190,3587142
2019-10-25,4773,3591915
2019-10-26,3469,3595384
2019-10-27,3605,3598989
2019-10-28,5580,3604569
2019-10-29,5929,3610498
2019-10-30,6064,3616562
2019-10-31,5557,3622119
2019-11-01,4492,3626611
2019-11-02,3644,3630255
2019-11-03,3860,3634115
2019-11-04,6049,3640164
2019-11-05,6603,3646767
2019-11-06,6368,3653135
2019-11-07,6159,3659294
2019-11-08,5025,3664319
2019-11-09,3938,3668257
2019-11-10,3871,3672128
2019-11-11,5714,3677842
2019-11-12,6444,3684286
2019-11-13,6602,3690888
2019-11-14,6112,3697000
2019-11-15,5173,3702173
2019-11-16,4124,3706297
2019-11-17,4334,3710631
2019-11-18,6629,3717260
2019-11-19,6834,3724094
2019-11-20,6652,3730746
2019-11-21,6291,3737037
2019-11-22,5609,3742646
2019-11-23,4341,3746987
2019-11-24,4582,3751569
2019-11-25,6387,3757956
2019-11-26,6212,3764168
2019-11-27,5626,3769794
2019-11-28,5074,3774868
2019-11-29,4225,3779093
2019-11-30,3807,3782900
2019-12-01,4043,3786943
2019-12-02,5898,3792841
2019-12-03,6272,3799113
2019-12-04,5816,3804929
2019-12-05,5623,3810552
2019-12-06,4990,3815542
2019-12-07,3980,3819522
2019-12-08,3776,3823298
2019-12-09,5430,3828728
2019-12-10,5652,3834380
2019-12-11,5609,3839989
2019-12-12,5190,3845179
2019-12-13,4272,3849451
2019-12-14,3560,3853011
2019-12-15,3496,3856507
2019-12-16,4708,3861215
2019-12-17,4730,3865945
2019-12-18,4360,3870305
2019-12-19,4118,3874423
2019-12-20,3457,3877880
2019-12-21,2768,3880648
2019-12-22,2806,3883454
2019-12-23,3619,3887073
2019-12-24,3129,3890202
2019-12-25,2534,3892736
2019-12-26,3174,3895910
2019-12-27,3168,3899078
2019-12-28,2649,3901727
2019-12-29,2625,3904352
2019-12-30,3310,3907662
2019-12-31,2459,3910121
2020-01-01,2008,3912129
2020-01-02,3653,3915782
2020-01-03,3604,3919386
2020-01-04,3111,3922497
2020-01-05,2813,3925310
2020-01-06,4227,3929537
2020-01-07,4873,3934410
2020-01-08,4640,3939050
2020-01-09,4539,3943589
2020-01-10,4170,3947759
2020-01-11,3312,3951071
2020-01-12,3243,3954314
2020-01-13,4786,3959100
2020-01-14,4981,3964081
2020-01-15,4845,3968926
2020-01-16,5011,3973937
2020-01-17,4274,3978211
2020-01-18,3508,3981719
2020-01-19,3275,3984994
2020-01-20,5045,3990039
2020-01-21,5493,3995532
2020-01-22,5333,4000865
2020-01-23,5182,4006047
2020-01-24,4609,4010656
2020-01-25,3564,4014220
2020-01-26,3560,4017780
2020-01-27,5249,4023029
2020-01-28,5560,4028589
2020-01-29,5571,4034160
2020-01-30,5451,4039611
2020-01-31,4850,4044461
2020-02-01,3723,4048184
2020-02-02,3509,4051693
2020-02-03,5719,4057412
2020-02-04,5824,4063236
2020-02-05,5765,4069001
2020-02-06,5929,4074930
2020-02-07,5297,4080227
2020-02-08,4044,4084271
2020-02-09,4073,4088344
2020-02-10,5753,4094097
2020-02-11,5984,4100081
2020-02-12,6086,4106167
2020-02-13,5855,4112022
2020-02-14,4793,4116815
2020-02-15,4031,4120846
2020-02-16,4003,4124849
2020-02-17,6177,4131026
2020-02-18,6576,4137602
2020-02-19,6457,4144059
2020-02-20,6359,4150418
2020-02-21,5298,4155716
2020-02-22,4027,4159743
2020-02-23,4318,4164061
2020-02-24,6134,4170195
2020-02-25,6126,4176321
2020-02-26,5911,4182232
2020-02-27,6300,4188532
2020-02-28,5369,4193901
2020-02-29,4473,4198374
2020-03-01,4383,4202757
2020-03-02,6270,4209027
2020-03-03,7049,4216076
2020-03-04,6634,4222710
2020-03-05,6688,4229398
2020-03-06,5741,4235139
2020-03-07,4858,4239997
2020-03-08,4637,4244634
2020-03-09,6395,4251029
2020-03-10,6661,4257690
2020-03-11,6298,4263988
2020-03-12,6122,4270110
2020-03-13,5270,4275380
2020-03-14,4668,4280048
2020-03-15,4526,4284574
2020-03-16,5596,4290170
2020-03-17,6655,4296825
2020-03-18,6826,4303651
2020-03-19,6504,4310155
2020-03-20,6104,4316259
2020-03-21,5839,4322098
2020-03-22,5712,4327810
2020-03-23,6723,4334533
2020-03-24,6678,4341211
2020-03-25,6542,4347753
2020-03-26,6566,4354319
2020-03-27,6064,4360383
2020-03-28,5986,4366369
2020-03-29,6212,4372581
2020-03-30,6888,4379469
2020-03-31,6754,4386223
2020-04-01,7027,4393250
2020-04-02,6965,4400215
2020-04-03,6629,4406844
2020-04-04,5985,4412829
2020-04-05,6091,4418920
2020-04-06,7052,4425972
2020-04-07,6695,4432667
2020-04-08,6751,4439418
2020-04-09,6588,4446006
2020-04-10,6272,4452278
2020-04-11,5720,4457998
2020-04-12,5801,4463799
2020-04-13,6930,4470729
2020-04-14,7077,4477806
2020-04-15,6891,4484697
2020-04-16,6816,4491513
2020-04-17,6558,4498071
2020-04-18,5950,4504021
2020-04-19,6106,4510127
2020-04-20,7059,4517186
2020-04-21,7018,4524204
2020-04-22,7215,4531419
2020-04-23,6958,4538377
2020-04-24,6234,4544611
2020-04-25,6081,4550692
2020-04-26,6644,4557336
2020-04-27,7707,4565043
2020-04-28,7432,4572475
2020-04-29,7028,4579503
2020-04-30,6696,4586199
2020-05-01,6136,4592335
2020-05-02,5842,4598177
2020-05-03,5836,4604013
2020-05-04,6831,4610844
2020-05-05,6680,4617524
2020-05-06,6996,4624520
2020-05-07,6540,4631060
2020-05-08,6192,4637252
2020-05-09,5627,4642879
2020-05-10,5555,4648434
2020-05-11,7284,4655718
2020-05-12,7327,4663045
2020-05-13,6821,4669866
2020-05-14,6678,4676544
2020-05-15,6241,4682785
2020-05-16,6160,4688945
2020-05-17,5848,4694793
2020-05-18,7103,4701896
2020-05-19,7086,4708982
2020-05-20,6684,4715666
2020-05-21,6315,4721981
2020-05-22,5910,4727891
2020-05-23,5295,4733186
2020-05-24,5451,4738637
2020-05-25,6450,4745087
2020-05-26,6849,4751936
2020-05-27,6655,4758591
2020-05-28,6597,4765188
2020-05-29,6388,4771576
2020-05-30,5570,4777146
2020-05-31,5521,4782667
2020-06-01,6334,4789001
2020-06-02,6799,4795800
2020-06-03,6610,4802410
2020-06-04,6528,4808938
2020-06-05,5949,4814887
2020-06-06,5338,4820225
2020-06-07,6552,4826777
2020-06-08,8040,4834817
2020-06-09,7014,4841831
2020-06-10,6631,4848462
2020-06-11,6610,4855072
2020-06-12,6502,4861574
2020-06-13,6581,4868155
2020-06-14,4907,4873062
2020-06-15,5836,4878898
2020-06-16,6055,4884953
2020-06-17,6141,4891094
2020-06-18,5673,4896767
2020-06-19,5348,4902115
2020-06-20,4523,4906638
2020-06-21,4282,4910920
2020-06-22,5923,4916843
2020-06-23,5931,4922774
2020-06-24,5623,4928397
2020-06-25,5395,4933792
2020-06-26,4828,4938620
2020-06-27,4304,4942924
2020-06-28,4445,4947369
2020-06-29,5353,4952722
2020-06-30,5431,4958153
2020-07-01,5133,4963286
2020-07-02,5284,4968570
2020-07-03,4642,4973212
2020-07-04,4007,4977219
2020-07-05,4133,4981352
2020-07-06,5187,4986539
2020-07-07,5517,4992056
2020-07-08,5238,4997294
2020-07-09,5013,5002307
2020-07-10,4879,5007186
2020-07-11,4573,5011759
2020-07-12,4581,5016340
2020-07-13,5359,5021699
2020-07-14,5249,5026948
2020-07-15,5431,5032379
2020-07-16,5217,5037596
2020-07-17,5100,5042696
2020-07-18,4149,5046845
2020-07-19,4336,5051181
2020-07-20,5369,5056550
2020-07-21,5241,5061791
2020-07-22,5239,5067030
2020-07-23,5158,5072188
2020-07-24,4651,5076839
2020-07-25,3963,5080802
2020-07-26,4042,5084844
2020-07-27,5105,5089949
2020-07-28,5362,5095311
2020-07-29,5212,5100523
2020-07-30,4949,5105472
2020-07-31,4345,5109817
2020-08-01,3577,5113394
2020-08-02,3594,5116988
2020-08-03,4622,5121610
2020-08-04,4985,5126595
2020-08-05,4658,5131253
2020-08-06,4744,5135997
2020-08-07,4271,5140268
2020-08-08,3916,5144184
2020-08-09,3800,5147984
2020-08-10,4967,5152951
2020-08-11,4835,5157786
2020-08-12,4925,5162711
2020-08-13,4864,5167575
2020-08-14,4445,5172020
2020-08-15,3734,5175754
2020-08-16,3843,5179597
2020-08-17,5334,5184931
2020-08-18,5268,5190199
2020-08-19,5143,5195342
2020-08-20,5451,5200793
2020-08-21,4733,5205526
2020-08-22,3874,5209400
2020-08-23,4017,5213417
2020-08-24,5166,5218583
2020-08-25,4373,5222956
2020-08-26,4339,5227295
2020-08-27,4255,5231550
2020-08-28,3738,5235288
2020-08-29,3431,5238719
2020-08-30,3280,5241999
2020-08-31,4276,5246275
2020-09-01,4561,5250836
2020-09-02,5007,5255843
2020-09-03,5183,5261026
2020-09-04,5118,5266144
2020-09-05,4020,5270164
2020-09-06,3835,5273999
2020-09-07,4789,5278788
2020-09-08,5428,5284216
2020-09-09,6484,5290700
2020-09-10,6122,5296822
2020-09-11,5708,5302530
2020-09-12,4560,5307090
2020-09-13,4635,5311725
2020-09-14,6516,5318241
2020-09-15,6814,5325055
2020-09-16,6678,5331733
2020-09-17,6404,5338137
2020-09-18,6131,5344268
2020-09-19,4866,5349134
2020-09-20,5159,5354293
2020-09-21,6524,5360817
2020-09-22,5607,5366424
2020-09-23,5263,5371687
2020-09-24,5118,5376805
2020-09-25,4805,5381610
2020-09-26,3973,5385583
2020-09-27,4079,5389662
2020-09-28,5378,5395040
2020-09-29,5441,5400481
2020-09-30,5042,5405523
2020-10-01,4912,5410435
2020-10-02,4759,5415194
2020-10-03,3902,5419096
2020-10-04,3958,5423054
2020-10-05,6293,5429347
2020-10-06,7775,5437122
2020-10-07,7877,5444999
2020-10-08,7500,5452499
2020-10-09,6800,5459299
2020-10-10,6052,5465351
2020-10-11,6163,5471514
2020-10-12,7711,5479225
2020-10-13,7311,5486536
2020-10-14,7841,5494377
2020-10-15,7978,5502355
2020-10-16,7152,5509507
2020-10-17,5632,5515139
2020-10-18,5625,5520764
2020-10-19,7728,5528492
2020-10-20,7299,5535791
2020-10-21,7019,5542810
2020-10-22,6747,5549557
2020-10-23,5850,5555407
2020-10-24,4880,5560287
2020-10-25,4812,5565099
2020-10-26,6655,5571754
2020-10-27,7017,5578771
2020-10-28,6706,5585477
2020-10-29,6810,5592287
2020-10-30,6032,5598319
2020-10-31,4955,5603274
2020-11-01,5018,5608292
2020-11-02,7102,5615394
2020-11-03,6926,5622320
2020-11-04,6655,5628975
2020-11-05,6878,5635853
2020-11-06,5917,5641770
2020-11-07,5164,5646934
2020-11-08,5308,5652242
2020-11-09,6897,5659139
2020-11-10,6886,5666025
2020-11-11,6750,5672775
2020-11-12,6596,5679371
2020-11-13,5748,5685119
2020-11-14,4480,5689599
2020-11-15,5020,5694619
2020-11-16,6764,5701383
2020-11-17,7094,5708477
2020-11-18,7164,5715641
2020-11-19,6846,5722487
2020-11-20,6626,5729113
2020-11-21,6335,5735448
2020-11-22,6582,5742030
2020-11-23,8772,5750802
2020-11-24,8795,5759597
2020-11-25,8525,5768122
2020-11-26,7844,5775966
2020-11-27,7061,5783027
2020-11-28,6398,5789425
2020-11-29,6001,5795426
2020-11-30,8294,5803720
2020-12-01,8021,5811741
2020-12-02,8388,5820129
2020-12-03,7729,5827858
2020-12-04,6959,5834817
2020-12-05,6072,5840889
2020-12-06,6059,5846948
2020-12-07,7870,5854818
2020-12-08,7696,5862514
2020-12-09,7370,5869884
2020-12-10,7088,5876972
2020-12-11,6468,5883440
2020-12-12,5625,5889065
2020-12-13,4670,5893735
2020-12-14,4499,5898234
2020-12-15,4671,5902905
2020-12-16,4715,5907620
2020-12-17,4507,5912127
2020-12-18,3947,5916074
2020-12-19,3546,5919620
2020-12-20,3607,5923227
2020-12-21,4335,5927562
2020-12-22,4068,5931630
2020-12-23,3771,5935401
2020-12-24,3068,5938469
2020-12-25,2525,5940994
2020-12-26,3026,5944020
2020-12-27,3018,5947038
2020-12-28,3932,5950970
2020-12-29,3780,5954750
2020-12-30,3584,5958334
2020-12-31,2889,5961223
2021-01-01,2332,5963555
2021-01-02,3387,5966942
2021-01-03,3221,5970163
2021-01-04,4650,5974813
2021-01-05,4324,5979137
2021-01-06,4714,5983851
2021-01-07,6272,5990123
2021-01-08,6041,5996164
2021-01-09,4856,6001020
2021-01-10,4849,6005869
2021-01-11,6156,6012025
2021-01-12,6301,6018326
2021-01-13,6201,6024527
2021-01-14,5844,6030371
2021-01-15,5467,6035838
2021-01-16,5195,6041033
2021-01-17,4910,6045943
2021-01-18,6579,6052522
2021-01-19,6748,6059270
2021-01-20,6882,6066152
2021-01-21,6369,6072521
2021-01-22,6307,6078828
2021-01-23,5105,6083933
2021-01-24,5161,6089094
2021-01-25,6688,6095782
2021-01-26,6599,6102381
2021-01-27,6906,6109287
2021-01-28,6650,6115937
2021-01-29,6241,6122178
2021-01-30,5040,6127218
2021-01-31,5116,6132334
2021-02-01,7001,6139335
2021-02-02,7173,6146508
2021-02-03,7200,6153708
2021-02-04,6909,6160617
2021-02-05,7049,6167666
2021-02-06,5482,6173148
2021-02-07,5167,6178315
2021-02-08,6865,6185180
2021-02-09,7331,6192511
2021-02-10,7176,6199687
2021-02-11,6363,6206050
2021-02-12,5751,6211801
2021-02-13,4870,6216671
2021-02-14,4734,6221405
2021-02-15,6918,6228323
2021-02-16,7105,6235428
2021-02-17,7251,6242679
2021-02-18,7653,6250332
2021-02-19,6569,6256901
2021-02-20,5507,6262408
2021-02-21,5489,6267897
2021-02-22,7697,6275594
2021-02-23,7689,6283283
2021-02-24,7357,6290640
2021-02-25,7457,6298097
2021-02-26,6964,6305061
2021-02-27,5404,6310465
2021-02-28,5485,6315950
2021-03-01,7356,6323306
2021-03-02,8687,6331993
2021-03-03,8032,6340025
2021-03-04,8125,6348150
2021-03-05,7545,6355695
2021-03-06,6781,6362476
2021-03-07,5944,6368420
2021-03-08,8103,6376523
2021-03-09,8579,6385102
2021-03-10,8229,6393331
2021-03-11,7866,6401197
2021-03-12,7191,6408388
2021-03-13,5922,6414310
2021-03-14,6082,6420392
2021-03-15,8459,6428851
2021-03-16,8232,6437083
2021-03-17,8382,6445465
2021-03-18,7982,6453447
2021-03-19,7414,6460861
2021-03-20,5910,6466771
2021-03-21,6281,6473052
2021-03-22,8700,6481752
2021-03-23,8863,6490615
2021-03-24,8677,6499292
2021-03-25,8638,6507930
2021-03-26,7275,6515205
2021-03-27,6028,6521233
2021-03-28,6005,6527238
2021-03-29,7704,6534942
2021-03-30,8150,6543092
2021-03-31,7883,6550975
2021-04-01,7426,6558401
2021-04-02,6378,6564779
2021-04-03,5656,6570435
2021-04-04,5579,6576014
2021-04-05,7748,6583762
2021-04-06,8419,6592181
2021-04-07,8562,6600743
2021-04-08,8655,6609398
2021-04-09,7569,6616967
2021-04-10,6425,6623392
2021-04-11,7355,6630747
2021-04-12,9260,6640007
2021-04-13,8822,6648829
2021-04-14,8501,6657330
2021-04-15,8537,6665867
2021-04-16,7400,6673267
2021-04-17,6219,6679486
2021-04-18,6444,6685930
2021-04-19,8282,6694212
2021-04-20,8449,6702661
2021-04-21,8150,6710811
2021-04-22,8209,6719020
2021-04-23,7237,6726257
2021-04-24,6398,6732655
2021-04-25,6637,6739292
2021-04-26,8938,6748230
2021-04-27,8472,6756702
2021-04-28,8097,6764799
2021-04-29,7989,6772788
2021-04-30,6795,6779583
2021-05-01,5975,6785558
2021-05-02,5981,6791539
2021-05-03,7970,6799509
2021-05-04,7913,6807422
2021-05-05,7943,6815365
2021-05-06,7881,6823246
2021-05-07,7140,6830386
2021-05-08,6212,6836598
2021-05-09,5945,6842543
2021-05-10,8366,6850909
2021-05-11,7976,6858885
2021-05-12,7453,6866338
2021-05-13,7007,6873345
2021-05-14,6592,6879937
2021-05-15,6021,6885958
2021-05-16,6141,6892099
2021-05-17,8076,6900175
2021-05-18,8271,6908446
2021-05-19,7989,6916435
2021-05-20,7727,6924162
2021-05-21,7469,6931631
2021-05-22,6186,6937817
2021-05-23,6361,6944178
2021-05-24,8145,6952323
2021-05-25,8399,6960722
2021-05-26,8408,6969130
2021-05-27,8078,6977208
2021-05-28,7212,6984420
2021-05-29,6100,6990520
2021-05-30,6272,6996792
2021-05-31,7746,7004538
2021-06-01,8082,7012620
2021-06-02,7761,7020381
2021-06-03,7639,7028020
2021-06-04,6944,7034964
2021-06-05,5726,7040690
2021-06-06,5876,7046566
2021-06-07,8005,7054571
2021-06-08,7944,7062515
2021-06-09,7887,7070402
2021-06-10,7317,7077719
2021-06-11,6309,7084028
2021-06-12,5296,7089324
2021-06-13,5543,7094867
2021-06-14,6933,7101800
2021-06-15,7625,7109425
2021-06-16,6945,7116370
2021-06-17,6693,7123063
2021-06-18,6053,7129116
2021-06-19,5166,7134282
2021-06-20,5244,7139526
2021-06-21,6794,7146320
2021-06-22,7213,7153533
2021-06-23,6831,7160364
2021-06-24,6499,7166863
2021-06-25,6375,7173238
2021-06-26,4948,7178186
2021-06-27,4973,7183159
2021-06-28,6564,7189723
2021-06-29,6630,7196353
2021-06-30,6615,7202968
2021-07-01,6408,7209376
2021-07-02,5609,7214985
2021-07-03,4537,7219522
2021-07-04,4745,7224267
2021-07-05,6097,7230364
2021-07-06,6878,7237242
2021-07-07,6508,7243750
2021-07-08,6420,7250170
2021-07-09,5669,7255839
2021-07-10,4672,7260511
2021-07-11,4450,7264961
2021-07-12,6367,7271328
2021-07-13,6850,7278178
2021-07-14,6475,7284653
2021-07-15,6341,7290994
2021-07-16,5550,7296544
2021-07-17,4560,7301104
2021-07-18,4696,7305800
2021-07-19,7410,7313210
2021-07-20,8156,7321366
2021-07-21,8185,7329551
2021-07-22,7725,7337276
2021-07-23,6938,7344214
2021-07-24,5447,7349661
2021-07-25,5234,7354895
2021-07-26,7030,7361925
2021-07-27,7421,7369346
2021-07-28,7121,7376467
2021-07-29,6922,7383389
2021-07-30,8530,7391919
2021-07-31,8989,7400908
2021-08-01,8203,7409111
2021-08-02,8066,7417177
2021-08-03,6867,7424044
2021-08-04,6688,7430732
2021-08-05,6191,7436923
2021-08-06,5785,7442708
2021-08-07,4530,7447238
2021-08-08,4781,7452019
2021-08-09,6553,7458572
2021-08-10,6856,7465428
2021-08-11,6677,7472105
2021-08-12,6401,7478506
2021-08-13,5679,7484185
2021-08-14,4618,7488803
2021-08-15,4420,7493223
2021-08-16,6482,7499705
2021-08-17,7250,7506955
2021-08-18,6803,7513758
2021-08-19,6743,7520501
2021-08-20,5555,7526056
2021-08-21,4556,7530612
2021-08-22,4361,7534973
2021-08-23,6597,7541570
2021-08-24,6771,7548341
2021-08-25,6721,7555062
2021-08-26,6546,7561608
2021-08-27,5767,7567375
2021-08-28,4882,7572257
2021-08-29,4837,7577094
2021-08-30,6943,7584037
2021-08-31,7220,7591257
2021-09-01,7181,7598438
2021-09-02,7158,7605596
2021-09-03,6135,7611731
2021-09-04,4877,7616608
2021-09-05,5161,7621769
2021-09-06,7263,7629032
2021-09-07,7692,7636724
2021-09-08,7966,7644690
2021-09-09,7425,7652115
2021-09-10,6354,7658469
2021-09-11,5203,7663672
2021-09-12,5697,7669369
2021-09-13,7744,7677113
2021-09-14,8315,7685428
2021-09-15,8197,7693625
2021-09-16,7993,7701618
2021-09-17,7206,7708824
2021-09-18,5959,7714783
2021-09-19,5645,7720428
2021-09-20,8231,7728659
2021-09-21,8559,7737218
2021-09-22,8813,7746031
2021-09-23,8392,7754423
2021-09-24,7634,7762057
2021-09-25,6075,7768132
2021-09-26,6249,7774381
2021-09-27,9280,7783661
2021-09-28,9038,7792699
2021-09-29,8831,7801530
2021-09-30,8727,7810257
2021-10-01,7376,7817633
2021-10-02,5727,7823360
2021-10-03,5923,7829283
2021-10-04,8823,7838106
2021-10-05,8844,7846950
2021-10-06,8909,7855859
2021-10-07,8824,7864683
2021-10-08,8291,7872974
2021-10-09,6377,7879351
2021-10-10,6316,7885667
2021-10-11,8850,7894517
2021-10-12,9404,7903921
2021-10-13,9131,7913052
2021-10-14,8834,7921886
2021-10-15,7425,7929311
2021-10-16,6299,7935610
2021-10-17,6567,7942177
2021-10-18,9176,7951353
2021-10-19,9887,7961240
2021-10-20,9797,7971037
2021-10-21,9960,7980997
2021-10-22,8565,7989562
2021-10-23,6747,7996309
2021-10-24,6737,8003046
2021-10-25,10065,8013111
2021-10-26,9976,8023087
2021-10-27,10143,8033230
2021-10-28,9423,8042653
2021-10-29,8285,8050938
2021-10-30,6412,8057350
2021-10-31,6234,8063584
2021-11-01,8963,8072547
2021-11-02,9490,8082037
2021-11-03,9541,8091578
2021-11-04,8616,8100194
2021-11-05,8038,8108232
2021-11-06,6475,8114707
2021-11-07,6925,8121632
2021-11-08,10448,8132080
2021-11-09,10304,8142384
2021-11-10,10442,8152826
2021-11-11,9698,8162524
2021-11-12,8806,8171330
2021-11-13,7409,8178739
2021-11-14,7724,8186463
2021-11-15,10793,8197256
2021-11-16,10709,8207965
2021-11-17,10363,8218328
2021-11-18,10302,8228630
2021-11-19,8595,8237225
2021-11-20,7100,8244325
2021-11-21,7276,8251601
2021-11-22,10079,8261680
2021-11-23,10316,8271996
2021-11-24,10248,8282244
2021-11-25,9392,8291636
2021-11-26,7748,8299384
2021-11-27,7004,8306388
2021-11-28,7658,8314046
2021-11-29,10476,8324522
2021-11-30,10889,8335411
2021-12-01,10440,8345851
2021-12-02,10006,8355857
2021-12-03,9036,8364893
2021-12-04,7163,8372056
2021-12-05,7557,8379613
2021-12-06,10126,8389739
2021-12-07,10307,8400046
2021-12-08,9794,8409840
2021-12-09,8997,8418837
2021-12-10,7886,8426723
2021-12-11,6375,8433098
2021-12-12,6493,8439591
2021-12-13,8667,8448258
2021-12-14,8907,8457165
2021-12-15,8265,8465430
2021-12-16,7607,8473037
2021-12-17,6735,8479772
2021-12-18,5489,8485261
2021-12-19,5695,8490956
2021-12-20,7213,8498169
2021-12-21,7551,8505720
2021-12-22,7100,8512820
2021-12-23,6386,8519206
2021-12-24,4937,8524143
2021-12-25,3947,8528090
2021-12-26,4823,8532913
2021-12-27,6412,8539325
2021-12-28,6631,8545956
2021-12-29,6282,8552238
2021-12-30,5926,8558164
2021-12-31,3953,8562117
2022-01-01,3478,8565595
2022-01-02,4971,8570566
2022-01-03,6676,8577242
2022-01-04,7336,8584578
2022-01-05,7499,8592077
2022-01-06,7399,8599476
2022-01-07,7002,8606478
2022-01-08,6040,8612518
2022-01-09,5813,8618331
2022-01-10,8899,8627230
2022-01-11,8213,8635443
2022-01-12,8168,8643611
2022-01-13,8238,8651849
2022-01-14,6637,8658486
2022-01-15,5546,8664032
2022-01-16,5784,8669816
2022-01-17,7948,8677764
2022-01-18,8716,8686480
2022-01-19,8679,8695159
2022-01-20,8596,8703755
2022-01-21,7617,8711372
2022-01-22,6289,8717661
2022-01-23,6721,8724382
2022-01-24,9190,8733572
2022-01-25,9073,8742645
2022-01-26,8228,8750873
2022-01-27,8795,8759668
2022-01-28,7678,8767346
2022-01-29,6092,8773438
2022-01-30,5967,8779405
2022-01-31,7957,8787362
2022-02-01,8371,8795733
2022-02-02,8254,8803987
2022-02-03,8329,8812316
2022-02-04,7321,8819637
2022-02-05,5917,8825554
2022-02-06,6012,8831566
2022-02-07,8995,8840561
2022-02-08,9470,8850031
2022-02-09,9260,8859291
2022-02-10,9387,8868678
2022-02-11,7885,8876563
2022-02-12,6633,8883196
2022-02-13,6357,8889553
2022-02-14,9034,8898587
2022-02-15,9498,8908085
2022-02-16,10012,8918097
2022-02-17,9415,8927512
2022-02-18,8362,8935874
2022-02-19,6502,8942376
2022-02-20,6529,8948905
2022-02-21,9606,8958511
2022-02-22,10300,8968811
2022-02-23,10005,8978816
2022-02-24,8977,8987793
2022-02-25,8331,8996124
2022-02-26,6710,9002834
2022-02-27,6491,9009325
2022-02-28,9110,9018435
2022-03-01,9139,9027574
2022-03-02,9656,9037230
2022-03-03,9914,9047144
2022-03-04,8553,9055697
2022-03-05,6762,9062459
2022-03-06,6879,9069338
2022-03-07,10105,9079443
2022-03-08,10388,9089831
2022-03-09,10490,9100321
2022-03-10,9925,9110246
2022-03-11,8367,9118613
2022-03-12,6535,9125148
2022-03-13,6942,9132090
2022-03-14,10582,9142672
2022-03-15,10717,9153389
2022-03-16,10346,9163735
2022-03-17,9801,9173536
2022-03-18,8126,9181662
2022-03-19,7466,9189128
2022-03-20,7531,9196659
2022-03-21,11098,9207757
2022-03-22,11900,9219657
2022-03-23,10796,9230453
2022-03-24,10697,9241150
2022-03-25,9303,9250453
2022-03-26,7346,9257799
2022-03-27,7598,9265397
2022-03-28,10835,9276232
2022-03-29,11102,9287334
2022-03-30,10896,9298230
2022-03-31,10574,9308804
2022-04-01,8848,9317652
2022-04-02,6834,9324486
2022-04-03,7444,9331930
2022-04-04,10740,9342670
2022-04-05,10711,9353381
2022-04-06,11172,9364553
2022-04-07,11144,9375697
2022-04-08,9573,9385270
2022-04-09,7736,9393006
2022-04-10,7431,9400437
2022-04-11,10494,9410931
2022-04-12,10871,9421802
2022-04-13,9690,9431492
2022-04-14,8799,9440291
2022-04-15,7732,9448023
2022-04-16,6790,9454813
2022-04-17,6760,9461573
2022-04-18,10164,9471737
2022-04-19,10934,9482671
2022-04-20,11041,9493712
2022-04-21,10210,9503922
2022-04-22,8970,9512892
2022-04-23,7332,9520224
2022-04-24,7591,9527815
2022-04-25,10763,9538578
2022-04-26,11267,9549845
2022-04-27,10690,9560535
2022-04-28,10365,9570900
2022-04-29,8443,9579343
2022-04-30,6790,9586133
2022-05-01,6570,9592703
2022-05-02,8335,9601038
2022-05-03,8718,9609756
2022-05-04,9208,9618964
2022-05-05,9393,9628357
2022-05-06,8338,9636695
2022-05-07,6722,9643417
2022-05-08,6572,9649989
2022-05-09,10358,9660347
2022-05-10,10597,9670944
2022-05-11,10402,9681346
2022-05-12,9960,9691306
2022-05-13,8599,9699905
2022-05-14,6878,9706783
2022-05-15,7006,9713789
2022-05-16,9962,9723751
2022-05-17,10761,9734512
2022-05-18,10251,9744763
2022-05-19,9734,9754497
2022-05-20,8466,9762963
2022-05-21,6829,9769792
2022-05-22,6874,9776666
2022-05-23,10202,9786868
2022-05-24,10662,9797530
2022-05-25,9995,9807525
2022-05-26,9748,9817273
2022-05-27,8290,9825563
2022-05-28,6755,9832318
2022-05-29,6856,9839174
2022-05-30,9309,9848483
2022-05-31,9358,9857841
2022-06-01,9005,9866846
2022-06-02,8721,9875567
2022-06-03,7680,9883247
2022-06-04,6173,9889420
2022-06-05,6463,9895883
2022-06-06,8914,9904797
2022-06-07,9903,9914700
2022-06-08,9508,9924208
2022-06-09,9478,9933686
2022-06-10,7788,9941474
2022-06-11,6332,9947806
2022-06-12,6276,9954082
2022-06-13,9062,9963144
2022-06-14,9248,9972392
2022-06-15,8662,9981054
2022-06-16,8400,9989454
2022-06-17,7228,9996682
2022-06-18,5961,10002643
2022-06-19,6127,10008770
2022-06-20,8891,10017661
2022-06-21,9066,10026727
2022-06-22,2048,10028775
